Mixture	EXM	Prim	P-value	Correlation	RMSE	Absolute score (sig.score)
HEY1_PTC_A03_GT24-03511_TGGCCGGT-GCGCTCTA_S33_L001	4.7304587312563	13.3927166775002	0	0.912389991484069	0.423853157012725	18.1231754087565
HEY1_PTC_A06_GT24-03512_AGTACTCC-AACAGGTT_S3_L001	5.24554138408669	13.5909194794657	0	0.917116558877778	0.408236088848061	18.8364608635524
HEY1_PTC_A08_GT24-03513_GACGTCTT-GGTGAACC_S1_L001	6.1395421454433	10.3404206909533	0	0.898537502615303	0.440441535197858	16.4799628363966
HOPX_PTC_A06_GT24-03514_TGCGAGAC-CAACAATG_S8_L001	6.0214907327105	10.256447458947	0	0.891086328370959	0.454786065854013	16.2779381916575
HOPX_PTC_B06_GT24-03515_CATAGAGT-TGGTGGCA_S4_L001	6.30021437078156	11.1697760341911	0	0.901573522428299	0.434081113005309	17.4699904049727
HOPX_PTC_G05_GT24-03516_ACAGGCGC-AGGCAGAG_S28_L001	5.42088762435442	13.3666608588451	0	0.918656644496671	0.402507276109284	18.7875484831996
MAFF_PTC_C07_GT24-03517_GTGAATAT-GAATGAGA_S29_L001	5.89308007667304	11.587968680703	0	0.928075552697317	0.375524791028386	17.4810487573761
MAFF_PTC_D07_GT24-03518_AACTGTAG-TGCGGCGT_S25_L001	5.68307765069248	11.3425413637973	0	0.89960259920893	0.438955873469741	17.0256190144898
MAFF_PTC_H07_GT24-03519_GGTCACGA-CATAATAC_S2_L001	6.82313935054692	8.8146681476402	0	0.875490654523369	0.487870316737505	15.6378074981871
HEY1_HOPX_MAFF_WT_1_GT24-03520_CTGCTTCC-GATCTATC_S34_L001	4.78871428284666	13.1759728443323	0	0.922761597443939	0.397412251950568	17.964687127179
HEY1_HOPX_MAFF_WT_2_GT24-03521_TCATCCTT-AGCTCGCT_S16_L001	4.84244879249812	13.8196316783724	0	0.921558292387863	0.402300428782684	18.6620804708705
HEY1_HOPX_MAFF_WT_3_GT24-03522_AGGTTATA-CGGAACTG_S12_L001	5.05200594056522	12.8304563205515	0	0.924091674106301	0.390482130884838	17.8824622611167
MBLN2_PTC_B09_GT24-03499_TAAGGTCA-CTACGACA_S9_L001	3.42946128019448	12.672417986532	0	0.932683313710905	0.390400251986202	16.1018792667265
MBLN2_PTC_C12_GT24-03500_TTGCCTAG-TAAGTGGT_S30_L001	3.65618541306854	13.6779746077764	0	0.935876252579265	0.382661902383422	17.3341600208449
MBLN2_PTC_F11_GT24-03501_CCATTCGA-CGGACAAC_S5_L001	3.33710218926998	14.6114357468572	0	0.931899305943051	0.405550633621453	17.9485379361272
MBLN3_PTC_C06_GT24-03502_ACACTAAG-ATATGGAT_S26_L001	3.39645014865989	12.1667386711217	0	0.925881469534245	0.40595806416351	15.5631888197816
MBLN3_PTC_E06_GT24-03504_TTCCTGTT-AAGATACT_S35_L001	3.25436466933058	13.7505098974199	0	0.927206875542739	0.415020553073198	17.0048745667505
MBLN3_PTC_F05_GT24-03503_GTGTCGGA-GCGCAAGC_S10_L001	2.6683660499379	15.332627384449	0	0.923015350873459	0.450237347031046	18.0009934343869
TWIST2_PTC_A09_GT24-03505_CCTTCACC-GGAGCGTC_S13_L001	2.51816127944262	16.4728427273055	0	0.928615353332287	0.446294481231431	18.9910040067482
TWIST2_PTC_D09_GT24-03506_GCCACAGG-ATGGCATG_S24_L001	2.13159768198709	18.1501678116008	0	0.925280132664059	0.474118602279691	20.2817654935879
TWIST2_PTC_H09_GT24-03507_ATTGTGAA-GCAATGCA_S20_L001	4.05680010017916	10.9633723317426	0	0.916541110604681	0.411606208116822	15.0201724319218
MBLN2_3_TWIST2_WT_1_GT24-03508_ACTCGTGT-GTTCCAAT_S17_L001	4.75428387584766	10.2293790362447	0	0.914351535988696	0.40845790058912	14.9836629120924
MBLN2_3_TWIST2_WT_2_GT24-03509_GTCTACAC-ACCTTGGC_S21_L001	4.28829343472223	12.1983820916927	0	0.921498857982497	0.402270061409563	16.4866755264149
MBLN2_3_TWIST2_WT_3_GT24-03510_CAATTAAC-ATATCTCG_S19_L001	4.62612937341038	9.16855093369319	0	0.888755684345739	0.460682808906497	13.7946803071036
DLX4_PTC_A01_GT24-03487_ATATCTCG-ACTAAGAT_S22_L001	3.5219979018613	12.8324912259511	0	0.917715504622638	0.427589419494395	16.3544891278124
DLX4_PTC_A02_GT24-03488_GCGCTCTA-GTCGGAGC_S36_L001	1.66114495712615	17.8971530020336	0	0.926223147381483	0.487117718502545	19.5582979591598
DLX4_PTC_B02_GT24-03489_AACAGGTT-CTTGGTAT_S23_L001	1.55176594544673	18.774248441888	0	0.927458824247626	0.490881523659452	20.3260143873347
DLX5_PTC_A03_GT24-03490_GGTGAACC-TCCAACGC_S15_L001	3.81531146008012	12.4805350103538	0	0.921250217333692	0.411354796893187	16.2958464704339
DLX5_PTC_D03_GT24-03491_CAACAATG-CCGTGAAG_S32_L001	2.30383339093152	16.4207046158997	0	0.922669756366288	0.467744073051458	18.7245380068312
DLX5_PTC_F03_GT24-03492_TGGTGGCA-TTACAGGA_S11_L001	2.62385291476103	15.1157806297929	0	0.912052444180181	0.476978523759158	17.7396335445539
DLX6_PTC_D03_GT24-03493_CACGAGCG-TGGCAGAT_S27_L001	5.19013306998209	7.77856796366786	0	0.870904685710667	0.491989817865179	12.96870103365
DLX6_PTC_F03_GT24-03494_TGCGGCGT-TACCGAGG_S31_L001	3.03157997252784	13.6012283772339	0	0.918007743354194	0.442842715283392	16.6328083497617
DLX6_PTC_G04_GT24-03495_CATAATAC-CGTTAGAA_S6_L001	3.87367941183595	13.0123555180028	0	0.919936541852475	0.416391831257631	16.8860349298388
DLX4_5_6_WT_1_GT24-03496_GATCTATC-AGCCTCAT_S18_L001	2.83163038895339	14.0149592352768	0	0.928404824006154	0.424569623416168	16.8465896242302
DLX4_5_6_WT_2_GT24-03497_AGCTCGCT-GATTCTGC_S7_L001	2.40680939455429	16.1563241358227	0	0.93170532592488	0.44033438710622	18.563133530377
DLX4_5_6_WT_3_GT24-03498_CGGAACTG-TCGTAGTG_S14_L001	2.36992288693242	15.3638726720804	0	0.930734479279628	0.440140797903844	17.7337955590129
