Mixture	EXM	Prim	P-value	Correlation	RMSE	Absolute score (sig.score)
PITX1_PTC_A01_GT23-14983_CTACGACA-TTGGACTC_S34_L001	3.60806266109736	26.5404276368061	0	0.913129984292698	0.521826277163418	30.1484902979035
PITX1_PTC_B03_GT23-14984_TAAGTGGT-GGCTTAAG_S42_L001	3.41659888874678	25.4749067516235	0	0.917760631661765	0.512311157121433	28.8915056403703
PITX1_PTC_C03_GT23-14985_CGGACAAC-AATCCGGA_S38_L001	3.57060439202138	27.5275655170779	0	0.912299855387693	0.527670128381028	31.0981699090992
LMO2_PTC_A06_GT23-14986_ATATGGAT-TAATACAG_S39_L001	4.81042538152806	28.7589534512462	0	0.926451416382391	0.471572138893317	33.5693788327743
LMO2_PTC_F07_GT23-14987_GCGCAAGC-CGGCGTGA_S37_L001	2.76025137122597	26.3451705298754	0	0.903854510226455	0.563052496766808	29.1054219011014
LMO2_PTC_F08_GT23-14988_AAGATACT-ATGTAAGT_S40_L001	3.16732279288486	27.7606154413642	0	0.90434462480742	0.555615304195086	30.9279382342491
ZBTB7C_PTC_A09_GT23-14989_GGAGCGTC-GCACGGAC_S43_L001	3.51174057681844	25.9844872362407	0	0.914223531775821	0.519827481723002	29.4962278130592
ZBTB7C_PTC_A11_GT23-14990_ATGGCATG-GGTACCTT_S35_L001	2.2240466698319	27.8929513631195	0	0.912715542816844	0.56190781179649	30.1169980329514
ZBTB7C_PTC_B10_GT23-14991_GCAATGCA-AACGTTCC_S44_L001	2.12381014922296	29.5480869702922	0	0.916479232753576	0.559647349562411	31.6718971195152
WT_PITX1_LMO2_ZBTB7C_1_GT23-14992_GTTCCAAT-GCAGAATT_S41_L001	3.16872702597501	27.7518073949555	0	0.914322085530086	0.533347020205666	30.9205344209305
WT_PITX1_LMO2_ZBTB7C_2_GT23-14993_ACCTTGGC-ATGAGGCC_S36_L001	3.80103942650451	27.6179136828873	0	0.910356060322274	0.527068937806699	31.4189531093918
WT_PITX1_LMO2_ZBTB7C_3_GT23-14994_ATATCTCG-ACTAAGAT_S45_L001	3.78399142013637	27.8895229601716	0	0.918646378992948	0.509253596253135	31.673514380308
