Mixture	EXM	Prim	P-value	Correlation	RMSE	Absolute score (sig.score)
ISL1_KO_A02_GT23-12147_GGTGAACC-TCCAACGC_S5_L001	8.28352507519403	5.7639178824453	0	0.812428604802783	0.582296405879105	14.0474429576393
ISL1_KO_D04_GT23-12148_CAACAATG-CCGTGAAG_S3_L001	2.70199338968514	14.4518841691868	0	0.865652326879947	0.733433798000706	17.153877558872
ISL1_KO_F04_GT23-12149_TGGTGGCA-TTACAGGA_S17_L001	9.09888283960679	5.69556525157799	0	0.811852607515226	0.585157724264783	14.7944480911848
ISL1_CE_A06_GT23-12150_GTTCGCCG-CAATGAGC_S24_L001	9.12817234399886	5.36781185100924	0	0.79730162621102	0.60834087919729	14.4959841950081
ISL1_CE_B05_GT23-12151_CACGAGCG-TGGCAGAT_S27_L001	1.10627608962086	17.6471861823841	0	0.843705610145821	0.782743980479764	18.753462272005
ISL1_CE_D01_GT23-12152_TGCGGCGT-TACCGAGG_S15_L001	7.93998207013613	6.94740349748565	0	0.826954260796765	0.565870035027084	14.8873855676218
ISL1_PTC_A10_GT23-12153_CATAATAC-CGTTAGAA_S20_L001	5.05508426493725	10.6048859594425	0	0.850633474040575	0.634432888315566	15.6599702243798
ISL1_PTC_C12_GT23-12154_GATCTATC-AGCCTCAT_S21_L001	9.00955894703105	5.52248210381043	0	0.791101304353859	0.615315702484119	14.5320410508415
ISL1_PTC_D10_GT23-12155_AGCTCGCT-GATTCTGC_S32_L001	3.94492063881145	12.7237111034042	0	0.85760084411433	0.687525250635983	16.6686317422156
ISL1_WT_1_GT23-12144_ATATCTCG-ACTAAGAT_S33_L001	9.75265835435355	4.63134486337545	0	0.888427492911777	0.464883567768	14.384003217729
ISL1_WT_2_GT23-12145_GCGCTCTA-GTCGGAGC_S29_L001	9.58875857742746	4.83947765117101	0	0.88682893752195	0.465897503395291	14.4282362285985
ISL1_WT_3_GT23-12146_AACAGGTT-CTTGGTAT_S23_L001	9.72497126930267	4.65386047413606	0	0.893928169746905	0.453474193558823	14.3788317434387
MEIS1_KO_E03_GT23-12159_CCATTCGA-CGGACAAC_S26_L001	8.69005828874679	6.3176965058002	0	0.85966073989606	0.512769744129626	15.007754794547
MEIS1_KO_F04_GT23-12160_ACACTAAG-ATATGGAT_S11_L001	7.98872085740025	6.88560005024332	0	0.859445934642797	0.520400415200506	14.8743209076436
MEIS1_KO_H03_GT23-12161_GTGTCGGA-GCGCAAGC_S25_L001	6.98942640989347	8.30588755881475	0	0.859564637113953	0.548826876501023	15.2953139687082
MEIS1_CE_H08_GT23-12162_TTCCTGTT-AAGATACT_S12_L001	6.61471209793336	8.96457479135643	0	0.873007205750181	0.550214150829597	15.5792868892898
MEIS1_CE_C07_GT23-12163_CCTTCACC-GGAGCGTC_S30_L001	6.3140440450987	8.59065316465017	0	0.865023340518646	0.559555349641213	14.9046972097489
MEIS1_CE_E06_GT23-12164_GCCACAGG-ATGGCATG_S2_L001	8.19794912315573	6.80875507568988	0	0.849696136380192	0.532444860497535	15.0067041988456
MEIS1_PTC_F12_GT23-12165_ATTGTGAA-GCAATGCA_S8_L001	8.48239433176638	6.01512827680105	0	0.849307491783711	0.528317487482315	14.4975226085674
MEIS1_PTC_G9_GT23-12166_ACTCGTGT-GTTCCAAT_S4_L001	8.626121032991	5.71896199901854	0	0.845932601880691	0.533103174884672	14.3450830320095
MEIS1_PTC_G11_GT23-12167_GTCTACAC-ACCTTGGC_S31_L001	8.47452271990322	6.33210706392062	0	0.860308051508023	0.512548789653761	14.8066297838238
MEIS1_WT_1__GT23-12156_CGGAACTG-TCGTAGTG_S62_L002	6.18347430771705	10.5771689600579	0	0.909025946052659	0.550225292239386	16.760643267775
MEIS1_WT_2_GT23-12157_TAAGGTCA-CTACGACA_S9_L001	9.06867196463468	6.12812317632716	0	0.880421543957787	0.476765742954207	15.1967951409618
MEIS1_WT_3_GT23-12158_TTGCCTAG-TAAGTGGT_S22_L001	9.27870354920933	5.43435504600466	0	0.874880837812644	0.485378896231288	14.713058595214
MEIS2_KO_C02_GT23-12173_GACGTCTT-GGTGAACC_S28_L001	8.3984700975549	5.65618163169456	0	0.846642988750266	0.532008696256697	14.0546517292495
MEIS2_CE_A06_GT23-12174_TGCGAGAC-CAACAATG_S1_L001	8.75355856307504	5.686472667166	0	0.865981504591629	0.500699223096851	14.440031230241
MEIS2_CE_C06_GT23-12175_CATAGAGT-TGGTGGCA_S10_L001	9.40409783040983	5.0790026343194	0	0.881460080872492	0.474479349320499	14.4831004647292
MEIS2_CE_C08_GT23-12176_ACAGGCGC-AGGCAGAG_S7_L001	8.89783559685349	5.39871873063165	0	0.869267093285788	0.495030205745081	14.2965543274851
MEIS2_PTC_B09_GT23-12177_GTGAATAT-GAATGAGA_S19_L001	9.29692695237996	5.248517085376	0	0.836832437864117	0.550375238639989	14.545444037756
MEIS2_PTC_E11_GT23-12178_AACTGTAG-TGCGGCGT_S16_L001	8.53912429992058	5.58495780953258	0	0.851971346379033	0.523591436707776	14.1240821094532
MEIS2_PTC_G09_GT23-12179_GGTCACGA-CATAATAC_S14_L001	8.77483571790638	5.571917798884	0	0.859001123086368	0.512225811854923	14.3467535167904
MEIS2_WT_1_GT23-12168_CAATTAAC-ATATCTCG_S18_L001	9.40564643606408	5.27153608180276	0	0.881486931965244	0.473805449774365	14.6771825178668
MEIS2_WT_2_GT23-12169_TGGCCGGT-GCGCTCTA_S6_L001	9.54260124416081	5.14565261674684	0	0.880886316379053	0.475589850616469	14.6882538609076
MEIS2_WT_3_GT23-12170_AGTACTCC-AACAGGTT_S13_L001	9.70543552692243	4.95477400102909	0	0.889592161815313	0.460140458404553	14.6602095279515
