Mixture	EXM	Prim	P-value	Correlation	RMSE	Absolute score (sig.score)
EPAS1_W_PTC_A03_20__GT24-02457_CCAAGTCT-TCATCCTT_S26_L001	0.668553820876206	22.5351746627919	0	0.872509977674696	0.666839462950885	23.2037284836681
EPAS1_W_PTC_B02_20__GT24-02458_TTGGACTC-CTGCTTCC_S14_L001	1.55506054344093	20.504534559484	0	0.863250524815923	0.649027735845137	22.0595951029249
EPAS1_W_PTC_B03_20__GT24-02459_CAGTAGGC-ATTCGTCA_S32_L001	1.30188562578519	21.1982207332503	0	0.860452033840475	0.664769108577333	22.5001063590355
EPAS1_W_PTC_A03_3__GT24-02451_CAAGCTAG-CGCTATGT_S8_L001	0.947046276076595	17.1847711721738	0	0.899392594483364	0.591851171997604	18.1318174482504
EPAS1_W_PTC_B02_3__GT24-02452_TGGATCGA-TATCGCAC_S25_L001	1.52367067776056	18.0225236043295	0	0.872521713395441	0.625056475113153	19.5461942820901
EPAS1_W_PTC_B03_3__GT24-02453_AGTTCAGG-TCTGTTGG_S28_L001	0.618202504507068	18.4964169146199	0	0.89431697791418	0.620146954946253	19.114619419127
EPAS1_W_WT_1_20__GT24-02460_TGACGAAT-GCCTACTG_S29_L001	1.58954134600338	17.797500663554	0	0.850638475836984	0.663370358818983	19.3870420095574
EPAS1_W_WT_2_20__GT24-02461_TAATACAG-GTGAATAT_S10_L001	0.789765892600217	20.9718560040318	0	0.859961861362712	0.684088775392099	21.761621896632
EPAS1_W_WT_3_20__GT24-02462_CGGCGTGA-ACAGGCGC_S11_L001	1.20925565123604	20.3253738179588	0	0.875413500813185	0.637444587154191	21.5346294691948
EPAS1_W_WT_1_3__GT24-02454_GACCTGAA-CTCACCAA_S33_L001	6.23912045745452	7.9747862522387	0	0.757839815006852	0.651946531374085	14.2139067096932
EPAS1_W_WT_2_3__GT24-02455_TCTCTACT-GAACCGCG_S18_L001	6.56150813593231	8.91334999344641	0	0.781396397643121	0.62355396491837	15.4748581293787
EPAS1_W_WT_3_3__GT24-02456_CTCTCGTC-AGGTTATA_S12_L001	6.07319936910125	8.68602983854709	0	0.761109881102388	0.650888575313656	14.7592292076483
GRHL1_W2_PTC_A07_GT24-02445_CCGCGGTT-CTAGCGCT_S27_L001	5.95143573784975	7.01225061443412	0	0.80817215296884	0.588261530088617	12.9636863522839
GRHL1_W2_PTC_B10_GT24-02446_TTATAACC-TCGATATC_S23_L001	6.12628787197586	7.52536743964479	0	0.819796632537264	0.572162179606319	13.6516553116206
GRHL1_W2_PTC_B12_GT24-02447_GGACTTGG-CGTCTGCG_S24_L001	5.46873948771159	7.87331548137703	0	0.841820098525547	0.539196537298287	13.3420549690886
GRHL1_W2_WT_1_GT24-02448_AAGTCCAA-TACTCATA_S30_L001	2.44140610819355	15.5203378713433	0	0.863971295475271	0.598010154065507	17.9617439795368
GRHL1_W2_WT_2_GT24-02449_ATCCACTG-ACGCACCT_S6_L001	2.43973604368221	14.7417684796137	0	0.869806027553179	0.5824511463325	17.1815045232959
GRHL1_W2_WT_3_GT24-02450_GCTTGTCA-GTATGTTC_S16_L001	2.26056922084249	15.2037441599293	0	0.892319042968943	0.545172470565871	17.4643133807718
PPARG_R_PTC_A07_GT24-02463_ATGTAAGT-CATAGAGT_S13_L001	7.35713459470271	13.77676837186	0	0.89879152877911	0.440570204370064	21.1339029665627
PPARG_R_PTC_A08_GT24-02464_GCACGGAC-TGCGAGAC_S19_L001	7.38096480777023	13.6588197992871	0	0.903987350654627	0.429751754960507	21.0397846070574
PPARG_R_PTC_A09_GT24-02465_GGTACCTT-GACGTCTT_S31_L001	6.7340765392233	16.2819732245656	0	0.891515292627717	0.464467861052015	23.0160497637889
PPARG_R_WT_1_GT24-02466_AACGTTCC-AGTACTCC_S4_L001	7.57582506364686	9.59928464929976	0	0.892647228354602	0.460352272707278	17.1751097129466
PPARG_R_WT_2_GT24-02467_GCAGAATT-TGGCCGGT_S15_L001	7.09131981897614	9.28437836072413	0	0.891675187530787	0.460330515966324	16.3756981797003
PPARG_R_WT_3_GT24-02468_ATGAGGCC-CAATTAAC_S21_L001	6.76724853707078	10.3228062233736	0	0.894141712905302	0.450506827284576	17.0900547604444
