Mixture	EXM	Prim	P-value	Correlation	RMSE	Absolute score (sig.score)
NC0A3_KO_A02_GT24-01166_CCAAGTCT-TCATCCTT_S138_L005	4.00463231711207	17.5948842625579	0	0.924567364244343	0.44611657663538	21.5995165796699
NC0A3_KO_A12_GT24-01167_TTGGACTC-CTGCTTCC_S147_L005	4.7614091142133	21.769018277772	0	0.908214268070665	0.488974235261971	26.5304273919853
NC0A3_KO_D11_GT24-01168_CAGTAGGC-ATTCGTCA_S133_L005	2.69560968720728	21.7295834312069	0	0.914879094483504	0.525875776631094	24.4251931184141
NC0A3_CE_F08_GT24-01169_TGACGAAT-GCCTACTG_S137_L005	2.22336574744347	19.5734736484436	0	0.924779333917986	0.509911422783291	21.7968393958871
NC0A3_CE_G05_GT24-01170_TAATACAG-GTGAATAT_S130_L005	4.34372077515643	16.4071870563702	0	0.923774362095215	0.433128114066626	20.7509078315266
NC0A3_CE_H06_GT24-01171_CGGCGTGA-ACAGGCGC_S141_L005	2.14453731766294	21.5084975028113	0	0.919427720451977	0.532347344799495	23.6530348204743
NC0A3_PTC_A10_GT24-01172_ATGTAAGT-CATAGAGT_S132_L005	2.53743749292486	20.2244014204649	0	0.9281607725417	0.493629917922733	22.7618389133898
NC0A3_PTC_A11_GT24-01173_GCACGGAC-TGCGAGAC_S149_L005	2.11087261013308	22.2530272256569	0	0.926296147389287	0.519884561215337	24.36389983579
NC0A3_PTC_F10_GT24-01174_GGTACCTT-GACGTCTT_S151_L005	2.47029461300592	21.1587182331695	0	0.924118733993499	0.50928569062444	23.6290128461754
NC0A3_WT_1_GT24-01175_AACGTTCC-AGTACTCC_S144_L005	3.1537461219497	21.4728911717813	0	0.926690119977544	0.48338312529231	24.626637293731
NC0A3_WT_2_GT24-01176_GCAGAATT-TGGCCGGT_S146_L005	3.30831148402893	19.7856271718103	0	0.929778623609662	0.46360994556966	23.0939386558392
NC0A3_WT_3_GT24-01177_ATGAGGCC-CAATTAAC_S131_L005	4.13353708485669	17.5174872162148	0	0.922665435767559	0.447223507787024	21.6510243010715
