Mixture	EXM	Prim	P-value	Correlation	RMSE	Absolute score (sig.score)
EPAS1_R_PTC_A03_N_GT24-02296_CCATTCGA-CGGACAAC_S183_L005	2.66907110996175	12.9005206537438	0	0.881849767273315	0.494415964543496	15.5695917637056
EPAS1_R_PTC_A05_N_GT24-02298_GTGTCGGA-GCGCAAGC_S203_L005	2.5905487970141	12.7158360687942	0	0.868585758557226	0.521646302064693	15.3063848658083
EPAS1_R_PTC_A06_N_GT24-02300_CCTTCACC-GGAGCGTC_S208_L005	3.58751509736106	9.21456771950009	0	0.86904027791689	0.496195366035398	12.8020828168612
EPAS1_R_WT1_N_GT24-02290_CATAATAC-CGTTAGAA_S190_L005	1.91027671478218	14.3149582958609	0	0.89576654190823	0.487364123216431	16.2252350106431
EPAS1_R_WT2_N_GT24-02292_AGCTCGCT-GATTCTGC_S184_L005	2.09256647082278	13.0495026582374	0	0.901162919414519	0.465885461228428	15.1420691290602
EPAS1_R_WT3_N_GT24-02294_TAAGGTCA-CTACGACA_S191_L005	1.87601287828757	14.3082282362341	0	0.911688059742263	0.451781262463202	16.1842411145217
EPAS1_R_PTC_A03_H_GT24-02297_ACACTAAG-ATATGGAT_S192_L005	8.96047162649933	1.82743237374682	0	0.859921447960158	0.57401919233911	10.7879040002461
EPAS1_R_PTC_A05_H_GT24-02299_TTCCTGTT-AAGATACT_S202_L005	8.5311671960305	1.48263510726429	0	0.870671986865787	0.560194791913596	10.0138023032948
EPAS1_R_PTC_A06_H_GT24-02301_GCCACAGG-ATGGCATG_S205_L005	9.41303526002438	1.83879459538188	0	0.885176232658016	0.546310544215675	11.2518298554063
EPAS1_R_WT1_H_GT24-02291_GATCTATC-AGCCTCAT_S197_L005	8.82940483941742	2.87915023586088	0	0.840781386741276	0.596468515931967	11.7085550752783
EPAS1_R_WT2_H_GT24-02293_CGGAACTG-TCGTAGTG_S189_L005	8.66372621303757	2.56020951956128	0	0.849949486136855	0.58737057628744	11.2239357325988
EPAS1_R_WT3_H_GT24-02295_TTGCCTAG-TAAGTGGT_S185_L005	8.23283526656733	3.09031678526361	0	0.840962384012514	0.595428714446716	11.3231520518309
GCM1_R_PTC_B01_GT24-02281_ATATCTCG-ACTAAGAT_S196_L005	1.78597154504478	18.0351697738832	0	0.891146482254161	0.512058590259217	19.8211413189279
GCM1_R_PTC_B06_GT24-02282_GCGCTCTA-GTCGGAGC_S195_L005	2.42555345543607	13.2404999382643	0	0.893487699978918	0.476039011136187	15.6660533937003
GCM1_R_PTC_C04_GT24-02283_AACAGGTT-CTTGGTAT_S200_L005	1.61274480248204	14.3547275960157	0	0.891993525664214	0.504221420713022	15.9674723984977
GHRL1_R_PTC_C09_GT24-02284_GGTGAACC-TCCAACGC_S198_L005	2.31169340632002	13.8040663386086	0	0.897520943075183	0.471793686119664	16.1157597449286
GHRL1_R_PTC_D07_GT24-02285_CAACAATG-CCGTGAAG_S206_L005	2.85108940248136	13.994790671054	0	0.902003464227809	0.452029311315745	16.8458800735353
GHRL1_R_PTC_D09_GT24-02286_TGGTGGCA-TTACAGGA_S187_L005	2.84834537784919	13.6252655036495	0	0.897718257433697	0.460310989172975	16.4736108814987
GCM1_GHRL1_WT_1_GT24-02287_GTTCGCCG-CAATGAGC_S186_L005	3.32707488535697	10.687972710062	0	0.871832339808521	0.496626726451263	14.015047595419
GCM1_GHRL1_WT_2_GT24-02288_CACGAGCG-TGGCAGAT_S204_L005	2.97770196681852	11.6740465162562	0	0.892701637518603	0.462330269145862	14.6517484830747
GCM1_GHRL1_WT_3_GT24-02289_TGCGGCGT-TACCGAGG_S199_L005	3.02710315495046	10.1770947612095	0	0.859484046671209	0.521122728109264	13.2041979161599
