Mixture	EXM	Prim	P-value	Correlation	RMSE	Absolute score (sig.score)
PPARG_KO_E02_GT23-11448_CGGACAAC-AATCCGGA_S60_L002	8.52938873675262	9.90314044569763	0	0.886114123525616	0.483844964305222	18.4325291824503
PPARG_KO_G02_GT23-11449_ATATGGAT-TAATACAG_S50_L002	6.15218814612871	12.5766314851747	0	0.902162809845016	0.435231870686044	18.7288196313034
PPARG_KO_H02_GT23-11450_GCGCAAGC-CGGCGTGA_S40_L002	9.46733211890777	11.431306831594	0	0.893089922468438	0.47130589911524	20.8986389505018
PPARG_CE_D08_GT23-11451_AAGATACT-ATGTAAGT_S61_L002	6.20499314192857	6.28353048993523	0	0.782233150465078	0.623788949365766	12.4885236318638
PPARG_CE_G05_GT23-11452_GGAGCGTC-GCACGGAC_S48_L002	11.003925887284	8.9799238731491	0	0.887870513195186	0.49561468205578	19.9838497604331
PPARG_CE_H05_GT23-11453_ATGGCATG-GGTACCTT_S62_L002	9.93453227115694	8.77731033841532	0	0.897792639434962	0.478288843348998	18.7118426095723
PPARG_PTC_A10_GT23-11454_GCAATGCA-AACGTTCC_S54_L002	5.0113982293509	10.1323147524136	0	0.865685277402682	0.50024238460753	15.1437129817645
PPARG_PTC_D10_GT23-11455_GTTCCAAT-GCAGAATT_S63_L002	4.78092162208705	11.748728522095	0	0.891332813286792	0.452929006264158	16.529650144182
PPARG_PTC_E12_GT23-11456_ACCTTGGC-ATGAGGCC_S45_L002	4.12837365268073	9.22953490263347	0	0.860392019697695	0.508470598130565	13.3579085553142
PPARG_WT_1_GT23-11445_TCGTAGTG-CCAAGTCT_S43_L002	3.04643742390292	17.0409900161503	0	0.856349711637997	0.536274718990577	20.0874274400532
PPARG_WT_2_GT23-11446_CTACGACA-TTGGACTC_S42_L002	3.71015997508456	16.5405478911667	0	0.85291615459763	0.534519600140463	20.2507078662512
PPARG_WT_3_GT23-11447_TAAGTGGT-GGCTTAAG_S55_L002	2.2957084950448	18.3362304862107	0	0.850333286010917	0.560733106198664	20.6319389812555
