Mixture	EXM	Prim	P-value	Correlation	RMSE	Absolute score (sig.score)
KO_A03__Hypoxia_GT23-11303_TGACGAAT-GCCTACTG_S33_L001	8.67463836909436	8.4308847824994	0	0.861993771100933	0.526062333325867	17.1055231515938
KO_B01__Hypoxia_GT23-11304_TAATACAG-GTGAATAT_S26_L001	6.85483413760062	14.8098624806631	0	0.937323419764145	0.355949099243047	21.6646966182637
KO_B02__Hypoxia_GT23-11305_CGGCGTGA-ACAGGCGC_S18_L001	4.35888906252549	16.93715583186	0	0.945713812041182	0.374822195627466	21.2960448943854
CE_E06__Hypoxia_GT23-11306_ATGTAAGT-CATAGAGT_S38_L001	5.40561302639461	12.7906055063244	0	0.939699857807467	0.352864784459521	18.196218532719
CE_G07__Hypoxia_GT23-11307_GCACGGAC-TGCGAGAC_S17_L001	5.93168170174824	17.5077546065585	0	0.948648618622897	0.341032747242304	23.4394363083068
CE_H06__Hypoxia_GT23-11308_GGTACCTT-GACGTCTT_S19_L001	5.62050883319707	18.0254909423669	0	0.948462546608679	0.348511980830449	23.645999775564
PTC_A09__Hypoxia_GT23-11309_AACGTTCC-AGTACTCC_S30_L001	3.47521635725846	20.6708618087994	0	0.951895363642627	0.401056130290387	24.1460781660579
PTC_D10__Hypoxia_GT23-11310_GCAGAATT-TGGCCGGT_S22_L001	5.87965039813138	16.0733998166605	0	0.947195368228595	0.339730494080435	21.9530502147919
PTC_G09__Hypoxia_GT23-11311_ATGAGGCC-CAATTAAC_S28_L001	3.36853879928331	19.9856796441261	0	0.950382830195114	0.40514268832484	23.3542184434095
WT_1__Hypoxia_GT23-11300_CCAAGTCT-TCATCCTT_S29_L001	14.5798448926451	3.84428873631146	0	0.877644502094622	0.677318623155944	18.4241336289565
WT_2__Hypoxia_GT23-11301_TTGGACTC-CTGCTTCC_S37_L001	18.3843554654706	4.19971375039623	0	0.875670646194919	0.693205420808414	22.5840692158668
WT_3__Hypoxia_GT23-11302_CAGTAGGC-ATTCGTCA_S34_L001	10.3883985931672	6.3687311166664	0	0.867226955570542	0.572730131989967	16.7571297098336
KO_A03__Normoxia_GT23-11291_AAGTCCAA-TACTCATA_S31_L001	4.1292236343419	17.5641752864297	0	0.906484666695252	0.483469437752902	21.6933989207716
KO_B01__Normoxia_GT23-11292_ATCCACTG-ACGCACCT_S24_L001	3.01273681605983	24.138015910242	0	0.908087696711883	0.538342008033469	27.1507527263018
CE_E06__Normoxia_GT23-11294_CAAGCTAG-CGCTATGT_S35_L001	0.567265751907076	27.5777583791909	0	0.902025239343703	0.63406131571633	28.145024131098
CE_G07__Normoxia_GT23-11295_TGGATCGA-TATCGCAC_S25_L001	2.5372076124449	26.8578240374449	0	0.901030040726064	0.574751804526239	29.3950316498898
CE_H06__Normoxia_GT23-11296_AGTTCAGG-TCTGTTGG_S20_L001	1.50339751758091	26.8493345481288	0	0.915211624705928	0.574120337255485	28.3527320657097
PTC_A09__Normoxia_GT23-11297_GACCTGAA-CTCACCAA_S16_L001	1.20061396284545	26.207294043625	0	0.895320891009769	0.625231716508446	27.4079080064705
PTC_D10__Normoxia_GT23-11298_TCTCTACT-GAACCGCG_S32_L001	0.686628354693853	27.6210782311717	0	0.916709825601814	0.598751758874735	28.3077065858656
PTC_G09__Normoxia_GT23-11299_CTCTCGTC-AGGTTATA_S23_L001	0.831224574978058	26.8726603816826	0	0.907787731094008	0.612346294421145	27.7038849566606
WT_1__Normoxia_GT23-11288_CCGCGGTT-CTAGCGCT_S39_L001	4.13318174129332	20.2384825357073	0	0.911732438421876	0.485179586300066	24.3716642770006
WT_2__Normoxia_GT23-11289_TTATAACC-TCGATATC_S27_L001	6.32506031071625	20.9948084805157	0	0.888533422777142	0.499201127423294	27.3198687912319
WT_3__Normoxia_GT23-11290_GGACTTGG-CGTCTGCG_S36_L001	3.39567143173869	17.7271182993764	0	0.915342062079684	0.482987969042583	21.122789731115
