Mixture	EXM	Prim	P-value	Correlation	RMSE	Absolute score (sig.score)
RUNX1_KO_B07_GT23-13722_TGACGAAT-GCCTACTG_S163_L003	1.39872511693804	25.8806931139456	0	0.893293281631655	0.568150470430669	27.2794182308837
RUNX1_KO_F08_GT23-13723_TAATACAG-GTGAATAT_S173_L003	1.93441240466399	22.5066377810802	0	0.904269205553143	0.522524825633353	24.4410501857442
RUNX1_KO_G07_GT23-13724_CGGCGTGA-ACAGGCGC_S175_L003	1.02190159955906	28.2786396757619	0	0.906315275300676	0.553310846253684	29.3005412753209
RUNX1_CE_A11_GT23-13725_ATGTAAGT-CATAGAGT_S161_L003	3.92600058256944	25.2999556763597	0	0.891715486352474	0.512949150879138	29.2259562589291
RUNX1_CE_B02_GT23-13726_GCACGGAC-TGCGAGAC_S178_L003	4.32357291950117	23.8163288224709	0	0.903584143647137	0.475625031647408	28.1399017419721
RUNX1_CE_D02_GT23-13727_GGTACCTT-GACGTCTT_S172_L003	0.639073993919737	29.3494800439999	0	0.907389463917234	0.562614089581422	29.9885540379197
RUNX1_PTC_C12_GT23-13728_AACGTTCC-AGTACTCC_S176_L003	1.53781815556241	27.3772923990668	0	0.905008018409451	0.54106985724891	28.9151105546292
RUNX1_PTC_D09_GT23-13729_GCAGAATT-TGGCCGGT_S167_L003	0.308915797205222	31.2687110760868	0	0.921052504646936	0.541848543448681	31.577626873292
RUNX1_PTC_F09_GT23-13730_ATGAGGCC-CAATTAAC_S171_L003	0	30.2873458377454	0	0.889290630883066	0.62015881096974	30.2873458377454
RUNX1_WT1_GT23-13719_CCAAGTCT-TCATCCTT_S170_L003	1.08743799221699	25.4323890732907	0	0.93297960958828	0.484987538423188	26.5198270655077
RUNX1_WT2_GT23-13720_TTGGACTC-CTGCTTCC_S157_L003	0.635654583501981	27.7494740437734	0	0.934563346753791	0.49765082065604	28.3851286272754
RUNX1_WT3_GT23-13721_GGCTTAAG-GGTCACGA_S174_L003	0.912194733379706	26.4662133687602	0	0.935088886406198	0.486441982063884	27.3784081021399
MEF2C_KO_B01_GT23-13710_AAGTCCAA-TACTCATA_S164_L003	17.7899724782728	3.35294850708717	0	0.702777587994998	0.742625399033447	21.14292098536
MEF2C_KO_D03_GT23-13711_ATCCACTG-ACGCACCT_S169_L003	15.1565778845834	7.85927610536671	0	0.723837199425688	0.707991985213797	23.0158539899501
MEF2C_KO_G01_GT23-13712_GCTTGTCA-GTATGTTC_S179_L003	20.5174696423686	0.863643570832276	0	0.644210371001584	0.781461286685645	21.3811132132009
MEF2C_CE_A05_GT23-13713_CAAGCTAG-CGCTATGT_S168_L003	13.3251470609337	10.7619669210819	0	0.824629917059235	0.592867272354026	24.0871139820156
MEF2C_CE_C07_GT23-13714_TGGATCGA-TATCGCAC_S158_L003	8.45213665197256	16.1532670660921	0	0.871283615059725	0.491539967252084	24.6054037180646
MEF2C_CE_D08_GT23-13715_AGTTCAGG-TCTGTTGG_S159_L003	17.021963575863	4.09210694356834	0	0.671258518301765	0.762145252526207	21.1140705194313
MEF2C_PTC_A01_GT23-13716_GACCTGAA-CTCACCAA_S160_L003	19.0947795445111	1.70748703759041	0	0.696341446459606	0.746733668373738	20.8022665821016
MEF2C_PTC_B03_GT23-13717_TCTCTACT-GAACCGCG_S177_L003	19.2077037765692	1.4629521696158	0	0.683991530470074	0.754914196056085	20.670655946185
MEF2C_PTC_D07_GT23-13718_CTCTCGTC-AGGTTATA_S156_L003	12.9183131433856	10.3238929463654	0	0.813878199752427	0.604987735846618	23.2422060897511
MEF2C_WT1_GT23-13707_CCGCGGTT-CTAGCGCT_S165_L003	17.5424737953756	2.87417373137888	0	0.684974188605742	0.754961708164988	20.4166475267545
MEF2C_WT2_GT23-13708_TTATAACC-TCGATATC_S162_L003	15.5417048538592	6.32148045671093	0	0.718940501261575	0.719719052637983	21.8631853105701
MEF2C_WT3_GT23-13709_GGACTTGG-CGTCTGCG_S166_L003	16.8856793193883	4.79869553021295	0	0.693625808272006	0.745259346226552	21.6843748496013
