Mixture	EXM	Prim	P-value	Correlation	RMSE	Absolute score (sig.score)
GHRL1_KO_D02_GT23-10494_TCTCTACT-GAACCGCG_S26_L001	6.25282472717229	10.5467161656608	0	0.911614874862105	0.415220225634176	16.7995408928331
GHRL1_KO_G04_GT23-10495_CTCTCGTC-AGGTTATA_S15_L001	7.54475725194309	8.37063183793408	0	0.902609518607641	0.455662924696207	15.9153890898772
GHRL1_KO_H04_GT23-10496_CCAAGTCT-TCATCCTT_S35_L001	6.13453894752527	12.7432634095187	0	0.902144672990006	0.437091486265339	18.877802357044
GHRL1_CE_A05_GT23-10497_TTGGACTC-CTGCTTCC_S12_L001	6.14060336900674	8.54345356239724	0	0.893609639744834	0.455454345902355	14.684056931404
GHRL1_CE_A08_GT23-10498_CAGTAGGC-ATTCGTCA_S39_L001	7.23056384952646	7.5839196808632	0	0.88946919660551	0.481595244355269	14.8144835303897
GHRL1_CE_D07_GT23-10499_TGACGAAT-GCCTACTG_S31_L001	7.59426159515335	8.19073533377402	0	0.899898595127442	0.462762190819268	15.7849969289274
GHRL1_PTC_A09_GT23-10500_TAATACAG-GTGAATAT_S2_L001	8.52209548834367	3.84173521690378	0	0.792714177420463	0.672464643738422	12.3638307052474
GHRL1_PTC_A10_GT23-10501_CGGCGTGA-ACAGGCGC_S30_L001	6.82416906561919	10.2274886657521	0	0.907373367001926	0.426876871809808	17.0516577313713
GHRL1_PTC_C09_GT23-10502_ATGTAAGT-CATAGAGT_S19_L001	9.66680905108844	3.10328355341382	0	0.740987171885297	0.735984035162599	12.7700926045023
KOLF2_GHRL1_2_GT23-10492_TTACAGGA-GCTTGTCA_S6_L001	0.870539588995106	21.0012209291069	0	0.935391514875008	0.53349357834082	21.871760518102
POU2F3_KO_B04_GT23-10503_GCACGGAC-TGCGAGAC_S14_L001	4.7981488805582	12.635476311665	0	0.935799284499668	0.367850505092942	17.4336251922232
POU2F3_KO_F04_GT23-10504_GGTACCTT-GACGTCTT_S33_L001	5.4855353551196	11.1323117164136	0	0.928173706890774	0.377793004409213	16.6178470715332
POU2F3_KO_G03_GT23-10505_AACGTTCC-AGTACTCC_S37_L001	3.59580009855671	16.1637944610902	0	0.934229041003167	0.41689900224748	19.7595945596469
POU2F3_CE_B05_GT23-10506_GCAGAATT-TGGCCGGT_S17_L001	4.80822846929126	13.0614610892337	0	0.930865380512382	0.382720934097635	17.8696895585249
POU2F3_CE_A06_GT23-10507_ATGAGGCC-CAATTAAC_S24_L001	6.25076568747815	9.3814126249746	0	0.889376173358884	0.460579668615583	15.6321783124527
POU2F3_CE_B06_GT23-10508_ACTAAGAT-CCGCGGTT_S23_L001	6.14365281838551	11.6443375433288	0	0.92684740926192	0.380528516264373	17.7879903617143
POU2F3_PTC_A09_GT23-10509_GTCGGAGC-TTATAACC_S7_L001	2.88224568611583	16.4414489960757	0	0.941702728237958	0.420154845432734	19.3236946821916
POU2F3_PTC_A10_GT23-10510_CTTGGTAT-GGACTTGG_S42_L001	4.4117696060102	13.6140639248114	0	0.930305123860191	0.393248000815713	18.0258335308216
POU2F3_PTC_G09_GT23-10511_TCCAACGC-AAGTCCAA_S29_L001	3.59839142670926	14.6390080127413	0	0.923385816933995	0.435108152209273	18.2373994394506
KOLF2_POU2F3_1_GT23-10491_CCGTGAAG-ATCCACTG_S38_L001	2.28086381367067	17.4206198714928	0	0.927941077579811	0.482242957531182	19.7014836851635
FOSB_CE_C08_GT23-10482_CCGCGGTT-CTAGCGCT_S36_L001	6.31020163598162	13.0964726735964	0	0.93157414130784	0.369755576726519	19.406674309578
FOSB_CE_C05_GT23-10483_TTATAACC-TCGATATC_S27_L001	6.63054396466477	12.2641778563193	0	0.916504338532452	0.404104636860951	18.8947218209841
FOSB_CE_D07_GT23-10484_GGACTTGG-CGTCTGCG_S22_L001	3.11567884678872	18.0028222799811	0	0.925016937295764	0.46446307430154	21.1185011267698
FOSB_PTC_C11_GT23-10485_AAGTCCAA-TACTCATA_S21_L001	3.3980713957404	18.4073623196848	0	0.904811722448086	0.505855063392583	21.8054337154252
FOSB_PTC_B09_GT23-10486_ATCCACTG-ACGCACCT_S41_L001	2.73651685839561	21.1982273489173	0	0.91790288864725	0.507444016139589	23.9347442073129
FOSB_PTC_A10_GT23-10487_GCTTGTCA-GTATGTTC_S28_L001	2.47992873594038	20.5413579449614	0	0.919935993342109	0.508135269250805	23.0212866809018
FOSB_KO_E04_GT23-10488_CAAGCTAG-CGCTATGT_S20_L001	4.26427761009599	17.7172125326764	0	0.904721281483428	0.481194918234086	21.9814901427724
FOSB_KO_C02_GT23-10489_TGGATCGA-TATCGCAC_S1_L001	9.67811131671514	10.1480347380101	0	0.921794097767495	0.429984129763203	19.8261460547253
FOSB_KO_B04_GT23-10490_AGTTCAGG-TCTGTTGG_S16_L001	5.11953427510019	16.8107478325408	0	0.921757342285157	0.419916546417881	21.930282107641
KOLF2_FOSB_1_GT23-10493_GACCTGAA-CTCACCAA_S32_L001	0.895104670529653	22.6717342257775	0	0.934519570809954	0.537381896858109	23.5668388963071
