Mixture	EXM	Prim	P-value	Correlation	RMSE	Absolute score (sig.score)
GCM1_KO_C1_GT23-11436_TCCAACGC-AAGTCCAA_S58_L002	3.891750776266	6.38134068134522	0	0.534696455650506	0.870206426127798	10.2730914576112
GCM1_KO_E4_GT23-11437_CCGTGAAG-ATCCACTG_S56_L002	3.46110373801916	6.69593077837247	0	0.554131509375119	0.860991367803205	10.1570345163916
GCM1_KO_G4_GT23-11438_TTACAGGA-GCTTGTCA_S53_L002	2.96119882598918	6.83070553182151	0	0.539177364671289	0.88434052025555	9.79190435781069
GCM1_CE_D6_GT23-11439_GGCATTCT-CAAGCTAG_S49_L002	2.90993220034222	5.82713370824089	0	0.531858620582473	0.882756977659614	8.73706590858311
GCM1_CE_G6_GT23-11440_AATGCCTC-TGGATCGA_S59_L002	4.14743108904599	4.28342376220635	0	0.497861583321207	0.883914793337393	8.43085485125234
GCM1_CE_G8_GT23-11441_TACCGAGG-AGTTCAGG_S44_L002	3.0943184710782	6.42402887925148	0	0.544617941426889	0.873312731358654	9.51834735032969
GCM1_PTC_A11_GT23-11442_CGTTAGAA-GACCTGAA_S52_L002	3.00487229434905	7.33215908279976	0	0.556073559869319	0.872016675314813	10.3370313771488
GCM1_PTC_B12_GT23-11443_AGCCTCAT-TCTCTACT_S51_L002	3.48005366217486	6.55706144917196	0	0.528513463830589	0.882399967077488	10.0371151113468
GCM1_PTC_E11_GT23-11444_GATTCTGC-CTCTCGTC_S47_L002	3.02404276175111	6.92049186719631	0	0.54796675807114	0.875786364114886	9.94453462894742
GCM1_WT_1_GT23-11433_ACTAAGAT-CCGCGGTT_S57_L002	0	20.3239290807283	0	0.838504275619175	0.62830669955672	20.3239290807283
GCM1_WT_2_GT23-11434_GTCGGAGC-TTATAACC_S46_L002	1.81427265934581	13.8202313054771	0	0.836465332729944	0.576393282298085	15.6345039648229
GCM1_WT_3_GT23-11435_CTTGGTAT-GGACTTGG_S41_L002	1.28848083068397	16.1723814132691	0	0.845353044513775	0.577305730712522	17.460862243953
