Mixture	EXM	Prim	P-value	Correlation	RMSE	Absolute score (sig.score)
BMLHE40_KO_A01_GT24-00863_TGCGGCGT-TACCGAGG_S198_L007	6.39449616701681	12.8742392030101	0	0.912731542171472	0.4141480299883	19.2687353700269
BMLHE40_KO_A03_GT24-00864_CATAATAC-CGTTAGAA_S187_L007	5.01013611021913	14.9586779495645	0	0.926967202432216	0.403351288649514	19.9688140597837
BMLHE40_KO_D01_GT24-00865_GATCTATC-AGCCTCAT_S189_L007	4.92787805005555	14.4699797220231	0	0.914914565846462	0.431628951094816	19.3978577720787
BMLHE40_CE_A06_GT24-00866_AGCTCGCT-GATTCTGC_S190_L007	4.33472898399801	16.0368502184666	0	0.924744909092864	0.42831080457412	20.3715792024647
BMLHE40_CE_B06_GT24-00867_CGGAACTG-TCGTAGTG_S194_L007	2.12821918598426	18.8114880677825	0	0.906735989653307	0.550352991374916	20.9397072537668
BMLHE40_CE_H05_GT24-00868_TAAGGTCA-CTACGACA_S192_L007	4.82976720073966	13.8305756592346	0	0.912555499117691	0.435162737659741	18.6603428599743
BMLHE40_PTC_B12_GT24-00869_TTGCCTAG-TAAGTGGT_S196_L007	4.41190510595936	15.4553480519057	0	0.916329597319852	0.443801711103095	19.8672531578651
BMLHE40_PTC_C11_GT24-00870_CCATTCGA-CGGACAAC_S197_L007	6.25927459902746	10.9392267128444	0	0.904996281777144	0.428051995086296	17.1985013118718
BMLHE40_PTC_D09_GT24-00871_ACACTAAG-ATATGGAT_S195_L007	5.07396951615269	12.0953295970118	0	0.904723296653505	0.43999602947848	17.1692991131645
BMLHE40_WT_1_GT24-00872_GTGTCGGA-GCGCAAGC_S193_L007	3.92048765059369	16.6120495425267	0	0.918526620267099	0.456809731950103	20.5325371931204
BMLHE40_WT_2_GT24-00873_TTCCTGTT-AAGATACT_S191_L007	4.27139986242112	14.1687618588904	0	0.894447211708289	0.488463672416706	18.4401617213115
BMLHE40_WT_3_GT24-00874_CCTTCACC-GGAGCGTC_S188_L007	3.2503042056237	16.7173541672658	0	0.907792205799656	0.500788069555619	19.9676583728895
