Mixture	EXM	Prim	P-value	Correlation	RMSE	Absolute score (sig.score)
GCM1_KO_C1_GT23-11436_TCCAACGC-AAGTCCAA_S58_L002	7.6085923228408	8.33737181440921	0	0.744719956769949	0.667265831182547	15.94596413725
GCM1_KO_E4_GT23-11437_CCGTGAAG-ATCCACTG_S56_L002	8.2506008296214	8.66074406788906	0	0.75594591629503	0.654111113478355	16.9113448975105
GCM1_KO_G4_GT23-11438_TTACAGGA-GCTTGTCA_S53_L002	8.39388228526948	8.42561682976117	0	0.742474906660951	0.669538906157622	16.8194991150307
GCM1_CE_D6_GT23-11439_GGCATTCT-CAAGCTAG_S49_L002	7.38155391743974	7.35908850374416	0	0.733886060743545	0.67920071786463	14.7406424211839
GCM1_CE_G6_GT23-11440_AATGCCTC-TGGATCGA_S59_L002	11.5478985895286	5.53461857882948	0	0.777235308460762	0.630787085623712	17.0825171683581
GCM1_CE_G8_GT23-11441_TACCGAGG-AGTTCAGG_S44_L002	8.73783717427652	7.5105860236902	0	0.754530130495572	0.655697128560398	16.2484231979667
GCM1_PTC_A11_GT23-11442_CGTTAGAA-GACCTGAA_S52_L002	7.91542861480422	8.99749721949268	0	0.74618097660721	0.665737497489615	16.9129258342969
GCM1_PTC_B12_GT23-11443_AGCCTCAT-TCTCTACT_S51_L002	7.62943320383095	8.02663063228234	0	0.74110010426372	0.671254449395268	15.6560638361133
GCM1_PTC_E11_GT23-11444_GATTCTGC-CTCTCGTC_S47_L002	7.80272755822687	8.27016993112575	0	0.752962095523918	0.657611561138813	16.0728974893526
GCM1_WT_1_GT23-11433_ACTAAGAT-CCGCGGTT_S57_L002	2.93102997449287	21.6256085124374	0	0.876103975216771	0.504253188197866	24.5566384869303
GCM1_WT_2_GT23-11434_GTCGGAGC-TTATAACC_S46_L002	3.64173863032654	15.7100904807061	0	0.856287097587388	0.527362714364892	19.3518291110326
GCM1_WT_3_GT23-11435_CTTGGTAT-GGACTTGG_S41_L002	3.10748334995394	18.1540902968331	0	0.873171907120941	0.503627410788151	21.2615736467871
