Mixture	EXM	Prim	P-value	Correlation	RMSE	Absolute score (sig.score)
MDX1_KO_C03_GT23-10879_CGTTAGAA-GACCTGAA_S5_L001	8.81249917228553	21.0160354750528	0	0.905750770317251	0.428841070928969	29.8285346473383
MDX1_KO_C04_GT23-10880_AGCCTCAT-TCTCTACT_S11_L001	6.11958854555365	21.2263254620528	0	0.906321798763391	0.443050394347653	27.3459140076065
MDX1_KO_D01_GT23-10881_GATTCTGC-CTCTCGTC_S9_L001	8.1101107578529	20.2748223581308	0	0.866264746981243	0.51111651196998	28.3849331159837
MDX1_CE_F07_GT23-10885_CGGACAAC-AATCCGGA_S40_L001	8.97139214461836	20.6934675575454	0	0.849665619288804	0.538029509131668	29.6648597021637
MDX1_CE_H05_GT23-10886_ATATGGAT-TAATACAG_S10_L001	5.51222648828597	17.4545664190028	0	0.832172325961202	0.584625682039675	22.9667929072887
MDX1_CE_H08_GT23-10887_GCGCAAGC-CGGCGTGA_S25_L001	6.00040995155814	22.5000896424956	0	0.848864889981291	0.564949153382652	28.5004995940538
MDX1_PTC_B10_GT23-10882_TCGTAGTG-CCAAGTCT_S4_L001	6.35388504575355	23.679424705343	0	0.856004683919676	0.551321604911945	30.0333097510966
MDX1_PTC_C11_GT23-10883_CTACGACA-TTGGACTC_S18_L001	4.7160689227857	19.1241738900198	0	0.835861909394719	0.593160839215959	23.8402428128055
MDX1_PTC_G10_GT23-10884_TAAGTGGT-GGCTTAAG_S34_L001	6.11820284067083	21.514798410783	0	0.872277945049264	0.516535976837928	27.6330012514538
MDX1_KOLF2_1_GT23-10876_GGCATTCT-CAAGCTAG_S8_L001	5.95210873940576	23.5374626145919	0	0.85950519227087	0.548218784484433	29.4895713539976
MDX1_KOLF2_2_GT23-10877_AATGCCTC-TGGATCGA_S3_L001	7.00997146095558	22.9280702877057	0	0.870887022890061	0.515287763593303	29.9380417486613
MDX1_KOLF2_3_GT23-10878_TACCGAGG-AGTTCAGG_S13_L001	6.4328704567767	23.528898760737	0	0.87848763942746	0.506248525223572	29.9617692175137
