Mixture	EXM	Prim	P-value	Correlation	RMSE	Absolute score (sig.score)
GHRL1_KO_D02_GT23-10494_TCTCTACT-GAACCGCG_S26_L001	8.5097396067095	13.1584180662155	0	0.818834275321528	0.574403003814019	21.668157672925
GHRL1_KO_G04_GT23-10495_CTCTCGTC-AGGTTATA_S15_L001	8.72941080937976	11.6274532103102	0	0.81727777213491	0.57596828198571	20.35686401969
GHRL1_KO_H04_GT23-10496_CCAAGTCT-TCATCCTT_S35_L001	8.09814151898732	16.2207470953297	0	0.811939697744469	0.589980493654387	24.318888614317
GHRL1_CE_A05_GT23-10497_TTGGACTC-CTGCTTCC_S12_L001	8.18364056490838	11.0569228314032	0	0.805849808481952	0.591853670087478	19.2405633963116
GHRL1_CE_A08_GT23-10498_CAGTAGGC-ATTCGTCA_S39_L001	8.48550747007847	10.7920380093586	0	0.803457528721553	0.594963572283716	19.2775454794371
GHRL1_CE_D07_GT23-10499_TGACGAAT-GCCTACTG_S31_L001	9.24987368282856	11.3074298711319	0	0.810933364579237	0.584953757067233	20.5573035539604
GHRL1_PTC_A09_GT23-10500_TAATACAG-GTGAATAT_S2_L001	9.95880316202955	6.4634339398245	0	0.777558103181968	0.634611405589216	16.422237101854
GHRL1_PTC_A10_GT23-10501_CGGCGTGA-ACAGGCGC_S30_L001	8.8811147463867	13.0124498697811	0	0.818290880359086	0.574767846899833	21.8935646161678
GHRL1_PTC_C09_GT23-10502_ATGTAAGT-CATAGAGT_S19_L001	11.0025743806295	5.37743613451944	0	0.756650952599537	0.661193998245913	16.3800105151489
KOLF2_GHRL1_2_GT23-10492_TTACAGGA-GCTTGTCA_S6_L001	3.17164228711398	22.7546999972304	0	0.88396727050365	0.522167413453193	25.9263422843444
POU2F3_KO_B04_GT23-10503_GCACGGAC-TGCGAGAC_S14_L001	5.24747749530342	15.9845734068356	0	0.862698672001897	0.520487262198391	21.232050902139
POU2F3_KO_F04_GT23-10504_GGTACCTT-GACGTCTT_S33_L001	5.59349179969826	14.4931376919621	0	0.855559207401604	0.527042147068935	20.0866294916604
POU2F3_KO_G03_GT23-10505_AACGTTCC-AGTACTCC_S37_L001	5.27421035423733	18.6267859540827	0	0.875176277361861	0.503207070498724	23.90099630832
POU2F3_CE_B05_GT23-10506_GCAGAATT-TGGCCGGT_S17_L001	5.48034389242509	16.245162404718	0	0.863424183312147	0.517963633804427	21.7255062971431
POU2F3_CE_A06_GT23-10507_ATGAGGCC-CAATTAAC_S24_L001	6.26344464257142	12.7515974889917	0	0.827183129578989	0.566925728712633	19.0150421315631
POU2F3_CE_B06_GT23-10508_ACTAAGAT-CCGCGGTT_S23_L001	6.10444578247022	15.1871761156566	0	0.868656253954823	0.501789598858195	21.2916218981268
POU2F3_PTC_A09_GT23-10509_GTCGGAGC-TTATAACC_S7_L001	4.47939290653521	19.3132177520523	0	0.874686046287654	0.51423988203445	23.7926106585875
POU2F3_PTC_A10_GT23-10510_CTTGGTAT-GGACTTGG_S42_L001	5.43178995189803	16.46381595382	0	0.872320747771332	0.501979002182004	21.895605905718
POU2F3_PTC_G09_GT23-10511_TCCAACGC-AAGTCCAA_S29_L001	4.98953114717969	17.3795066979262	0	0.861179523684037	0.529577245062006	22.3690378451058
KOLF2_POU2F3_1_GT23-10491_CCGTGAAG-ATCCACTG_S38_L001	4.92252399102301	19.4774683254587	0	0.874273101878971	0.51061386897807	24.3999923164817
FOSB_KO_B04_GT23-10490_AGTTCAGG-TCTGTTGG_S16_L001	5.6771440984041	19.4145606762114	0	0.870213082787496	0.511427319625453	25.0917047746155
FOSB_KO_C02_GT23-10489_TGGATCGA-TATCGCAC_S1_L001	8.50169342418024	14.1036454228095	0	0.868694487356719	0.495857464613484	22.6053388469897
FOSB_KO_E04_GT23-10488_CAAGCTAG-CGCTATGT_S20_L001	5.32920423108686	19.6923941865067	0	0.871503989625421	0.51265270871316	25.0215984175936
FOSB_CE_C05_GT23-10483_TTATAACC-TCGATATC_S27_L001	6.83003190208991	14.8344297073382	0	0.870205264556679	0.495499945110662	21.6644616094282
FOSB_CE_C08_GT23-10482_CCGCGGTT-CTAGCGCT_S36_L001	6.29368921228806	16.4267156844769	0	0.877943078371396	0.485602380029998	22.7204048967649
FOSB_CE_D07_GT23-10484_GGACTTGG-CGTCTGCG_S22_L001	4.671063153345	19.8885781460936	0	0.881177157988966	0.500401124373682	24.5596412994386
FOSB_PTC_A10_GT23-10487_GCTTGTCA-GTATGTTC_S28_L001	4.08085438526649	21.7680182065901	0	0.878624672992765	0.51762961398453	25.8488725918566
FOSB_PTC_B09_GT23-10486_ATCCACTG-ACGCACCT_S41_L001	3.93804155286232	23.4221842251579	0	0.867005261845054	0.546859112844939	27.3602257780203
FOSB_PTC_C11_GT23-10485_AAGTCCAA-TACTCATA_S21_L001	4.06647494214272	20.4700616252653	0	0.8692028925898	0.533471855617092	24.5365365674081
KOLF2_FOSB_1_GT23-10493_GACCTGAA-CTCACCAA_S32_L001	3.18039821356447	24.210557856808	0	0.888953132046212	0.514555598782225	27.3909560703725
