Mixture	EXM	Prim	P-value	Correlation	RMSE	Absolute score (sig.score)
ISL1_KO_A02_GT23-12147_GGTGAACC-TCCAACGC_S5_L001	16.8742435360266	5.79863287611401	0	0.870902207283094	0.52522201190609	22.6728764121406
ISL1_KO_D04_GT23-12148_CAACAATG-CCGTGAAG_S3_L001	9.03936981467571	15.315695858529	0	0.835890326504426	0.578834450150349	24.3550656732047
ISL1_KO_F04_GT23-12149_TGGTGGCA-TTACAGGA_S17_L001	17.7889711073415	5.8046852085673	0	0.871488815731089	0.528113024529283	23.5936563159088
ISL1_CE_A06_GT23-12150_GTTCGCCG-CAATGAGC_S24_L001	18.4087902343933	5.96827729083932	0	0.860231917078337	0.550779225132445	24.3770675252326
ISL1_CE_B05_GT23-12151_CACGAGCG-TGGCAGAT_S27_L001	6.61670098594264	18.7701663884439	0	0.796515193202434	0.653190626798522	25.3868673743865
ISL1_CE_D01_GT23-12152_TGCGGCGT-TACCGAGG_S15_L001	16.7882693133882	7.92763430965739	0	0.863487291480104	0.517914030533417	24.7159036230455
ISL1_PTC_A10_GT23-12153_CATAATAC-CGTTAGAA_S20_L001	12.8707184303262	11.5184850312331	0	0.852798443530127	0.523368095627701	24.3892034615593
ISL1_PTC_C12_GT23-12154_GATCTATC-AGCCTCAT_S21_L001	17.2251738885902	5.06266669125532	0	0.875079056148875	0.529316222702134	22.2878405798455
ISL1_PTC_D10_GT23-12155_AGCTCGCT-GATTCTGC_S32_L001	10.5805176078003	13.6411092667726	0	0.846682907843784	0.547243587833898	24.2216268745728
ISL1_WT_1_GT23-12144_ATATCTCG-ACTAAGAT_S33_L001	20.2592123227789	5.69488393179132	0	0.873125140113735	0.536992482805036	25.9540962545703
ISL1_WT_2_GT23-12145_GCGCTCTA-GTCGGAGC_S29_L001	20.1086368906969	5.6070692944493	0	0.875389116572552	0.533046061888445	25.7157061851462
ISL1_WT_3_GT23-12146_AACAGGTT-CTTGGTAT_S23_L001	20.7826750808912	5.17913009014151	0	0.874848341050832	0.543590272219361	25.9618051710327
MEIS1_KO_E03_GT23-12159_CCATTCGA-CGGACAAC_S26_L001	19.2428842553787	5.16368852461629	0	0.878767382424999	0.529280202191884	24.406572779995
MEIS1_KO_F04_GT23-12160_ACACTAAG-ATATGGAT_S11_L001	15.9766021975274	7.56806223351913	0	0.868531924282507	0.508141232777578	23.5446644310465
MEIS1_KO_H03_GT23-12161_GTGTCGGA-GCGCAAGC_S25_L001	14.6357448363143	9.26167389683545	0	0.861969357661151	0.508682273306541	23.8974187331498
MEIS1_CE_H08_GT23-12162_TTCCTGTT-AAGATACT_S12_L001	14.9166253419102	9.90076761624731	0	0.862123122383487	0.507446567858039	24.8173929581575
MEIS1_CE_C07_GT23-12163_CCTTCACC-GGAGCGTC_S30_L001	15.0642817345112	9.89768430717785	0	0.851193235909366	0.526491442753882	24.961966041689
MEIS1_CE_E06_GT23-12164_GCCACAGG-ATGGCATG_S2_L001	17.8272674933469	7.30252489590488	0	0.8566708485243	0.539772782611944	25.1297923892518
MEIS1_PTC_F12_GT23-12165_ATTGTGAA-GCAATGCA_S8_L001	18.6035273266049	6.01296035680472	0	0.863154822055506	0.54536110538571	24.6164876834096
MEIS1_PTC_G9_GT23-12166_ACTCGTGT-GTTCCAAT_S4_L001	18.0279579743789	4.77808294533985	0	0.875833112767778	0.536383580240792	22.8060409197187
MEIS1_PTC_G11_GT23-12167_GTCTACAC-ACCTTGGC_S31_L001	18.6398840647757	7.07883850348976	0	0.858444866892843	0.541884625696007	25.7187225682655
MEIS1_WT_1__GT23-12156_CGGAACTG-TCGTAGTG_S62_L002	14.7622209613083	9.76290666301596	0	0.860077082038129	0.511087231977305	24.5251276243243
MEIS1_WT_2_GT23-12157_TAAGGTCA-CTACGACA_S9_L001	18.6430980487733	7.00087190956642	0	0.862724910377853	0.534537089353002	25.6439699583397
MEIS1_WT_3_GT23-12158_TTGCCTAG-TAAGTGGT_S22_L001	19.3290475915451	5.6770297647505	0	0.868387349081608	0.542883036590303	25.0060773562956
MEIS2_KO_C02_GT23-12173_GACGTCTT-GGTGAACC_S28_L001	19.1896168956441	5.298538945632	0	0.862253837750271	0.560146863023853	24.4881558412761
MEIS2_CE_A06_GT23-12174_TGCGAGAC-CAACAATG_S1_L001	19.9095751788791	5.34433784740418	0	0.870176240655014	0.546815595907795	25.2539130262833
MEIS2_CE_C06_GT23-12175_CATAGAGT-TGGTGGCA_S10_L001	21.6800269540365	4.98329804848787	0	0.866044587443044	0.568160515580625	26.6633250025244
MEIS2_CE_C08_GT23-12176_ACAGGCGC-AGGCAGAG_S7_L001	21.1663448505258	5.11220221281391	0	0.860959913911511	0.573987772094235	26.2785470633398
MEIS2_PTC_B09_GT23-12177_GTGAATAT-GAATGAGA_S19_L001	21.002402855882	6.27600650375279	0	0.846979648180345	0.582550326038942	27.2784093596348
MEIS2_PTC_E11_GT23-12178_AACTGTAG-TGCGGCGT_S16_L001	19.2407197827612	5.59920519834645	0	0.861108995019213	0.557973677075269	24.8399249811077
MEIS2_PTC_G09_GT23-12179_GGTCACGA-CATAATAC_S14_L001	19.6285400821704	5.517129129846	0	0.870073489405251	0.543164188577538	25.1456692120164
MEIS2_WT_1_GT23-12168_CAATTAAC-ATATCTCG_S18_L001	21.0569019407382	5.12928041879916	0	0.869812074674636	0.55573646219994	26.1861823595373
MEIS2_WT_2_GT23-12169_TGGCCGGT-GCGCTCTA_S6_L001	20.3900235428635	5.44296066031966	0	0.868151563298222	0.551341005804361	25.8329842031831
MEIS2_WT_3_GT23-12170_AGTACTCC-AACAGGTT_S13_L001	21.0695844081384	5.19119899016971	0	0.870126499661193	0.55414146041207	26.2607833983081
