Mixture	EXM	Prim	P-value	Correlation	RMSE	Absolute score (sig.score)
EPAS1_R_PTC_A03_N_GT24-02296_CCATTCGA-CGGACAAC_S183_L005	5.83948013135849	13.9688281169854	0	0.871278416334837	0.491616975107873	19.8083082483439
EPAS1_R_PTC_A05_N_GT24-02298_GTGTCGGA-GCGCAAGC_S203_L005	5.5422592482338	13.7783465442194	0	0.859168627359378	0.513429421827181	19.3206057924532
EPAS1_R_PTC_A06_N_GT24-02300_CCTTCACC-GGAGCGTC_S208_L005	6.86503383748372	10.4248135932395	0	0.844210747176244	0.537164558717604	17.2898474307233
EPAS1_R_WT1_N_GT24-02290_CATAATAC-CGTTAGAA_S190_L005	5.09691742022869	15.7933844839225	0	0.861242891454088	0.514091245908497	20.8903019041512
EPAS1_R_WT2_N_GT24-02292_AGCTCGCT-GATTCTGC_S184_L005	5.52497247212949	14.4182501990853	0	0.863838250631736	0.505928517070851	19.9432226712148
EPAS1_R_WT3_N_GT24-02294_TAAGGTCA-CTACGACA_S191_L005	4.96076604488667	15.8444925313503	0	0.882683486912774	0.474362343101359	20.805258576237
EPAS1_R_PTC_A03_H_GT24-02297_ACACTAAG-ATATGGAT_S192_L005	15.9961165845226	2.16128002772892	0	0.828801114731659	0.574129615693282	18.1573966122515
EPAS1_R_PTC_A05_H_GT24-02299_TTCCTGTT-AAGATACT_S202_L005	14.1933608043227	2.17463105096057	0	0.835876890522267	0.566261545621834	16.3679918552833
EPAS1_R_PTC_A06_H_GT24-02301_GCCACAGG-ATGGCATG_S205_L005	16.1398176294785	2.20606436302047	0	0.847837807518871	0.550148953091153	18.3458819924989
EPAS1_R_WT1_H_GT24-02291_GATCTATC-AGCCTCAT_S197_L005	16.3587910496163	3.125070764723	0	0.81131867452076	0.597371444495955	19.4838618143393
EPAS1_R_WT2_H_GT24-02293_CGGAACTG-TCGTAGTG_S189_L005	16.4306116599938	2.80041574545957	0	0.803430062964964	0.605897137580162	19.2310274054534
EPAS1_R_WT3_H_GT24-02295_TTGCCTAG-TAAGTGGT_S185_L005	15.8204640173818	3.30521010667539	0	0.805398462586069	0.604714138141454	19.1256741240572
GCM1_R_PTC_B01_GT24-02281_ATATCTCG-ACTAAGAT_S196_L005	3.61734255080867	21.1017148571354	0	0.830884160523089	0.591368194395217	24.7190574079441
GCM1_R_PTC_B06_GT24-02282_GCGCTCTA-GTCGGAGC_S195_L005	4.63256503203585	15.3169392779782	0	0.81989366975665	0.586375820008063	19.9495043100141
GCM1_R_PTC_C04_GT24-02283_AACAGGTT-CTTGGTAT_S200_L005	4.06985791262752	16.0035378795464	0	0.82967321797046	0.576916763914968	20.0733957921739
GHRL1_R_PTC_C09_GT24-02284_GGTGAACC-TCCAACGC_S198_L005	4.74579042255229	15.4366310496378	0	0.839178403016505	0.554058367410525	20.1824214721901
GHRL1_R_PTC_D07_GT24-02285_CAACAATG-CCGTGAAG_S206_L005	5.27644903664851	15.4427160449916	0	0.853340224899008	0.526720612771041	20.7191650816401
GHRL1_R_PTC_D09_GT24-02286_TGGTGGCA-TTACAGGA_S187_L005	5.3822867356025	15.281109670699	0	0.83426600962685	0.558187074446324	20.6633964063015
GCM1_GHRL1_WT_1_GT24-02287_GTTCGCCG-CAATGAGC_S186_L005	5.53033625864461	12.4425310405502	0	0.811905080262274	0.587446875663095	17.9728672991948
GCM1_GHRL1_WT_2_GT24-02288_CACGAGCG-TGGCAGAT_S204_L005	4.86485540127374	13.8271006507971	0	0.819776211333472	0.581478679205016	18.6919560520709
GCM1_GHRL1_WT_3_GT24-02289_TGCGGCGT-TACCGAGG_S199_L005	5.22198178782077	12.2710022821083	0	0.787840851619791	0.623416876585662	17.4929840699291
