Mixture	EXM	Prim	P-value	Correlation	RMSE	Absolute score (sig.score)
KO_A03__Hypoxia_GT23-11303_TGACGAAT-GCCTACTG_S33_L001	12.5552561184578	10.6443605313252	0	0.797985451272869	0.608075215114352	23.199616649783
KO_B01__Hypoxia_GT23-11304_TAATACAG-GTGAATAT_S26_L001	13.6646057901811	15.7943708523671	0	0.856220801569111	0.52186821057681	29.4589766425482
KO_B02__Hypoxia_GT23-11305_CGGCGTGA-ACAGGCGC_S18_L001	11.0000392560108	17.1697545464579	0	0.85374446035176	0.521154368241469	28.1697938024688
CE_E06__Hypoxia_GT23-11306_ATGTAAGT-CATAGAGT_S38_L001	10.1313629056587	14.3973639875475	0	0.834788695222715	0.550666624291035	24.5287268932063
CE_G07__Hypoxia_GT23-11307_GCACGGAC-TGCGAGAC_S17_L001	13.3315696384982	17.6365837119847	0	0.868368943902373	0.49923422309938	30.9681533504829
CE_H06__Hypoxia_GT23-11308_GGTACCTT-GACGTCTT_S19_L001	12.5319340354494	19.3873117329887	0	0.856992628535739	0.515852000960191	31.9192457684381
PTC_A09__Hypoxia_GT23-11309_AACGTTCC-AGTACTCC_S30_L001	9.97528200609291	21.0752245956056	0	0.871935480148853	0.493879665702135	31.0505066016985
PTC_D10__Hypoxia_GT23-11310_GCAGAATT-TGGCCGGT_S22_L001	11.2956244771208	17.3410322811628	0	0.860915606210709	0.509410220446794	28.6366567582836
PTC_G09__Hypoxia_GT23-11311_ATGAGGCC-CAATTAAC_S28_L001	10.7297787755293	20.0249983037298	0	0.857152724646351	0.517366196375951	30.7547770792591
WT_1__Hypoxia_GT23-11300_CCAAGTCT-TCATCCTT_S29_L001	22.2731148680497	5.44940691402423	0	0.799501711541832	0.647718547350112	27.7225217820739
WT_2__Hypoxia_GT23-11301_TTGGACTC-CTGCTTCC_S37_L001	26.089846289664	5.73829861758127	0	0.810913270514854	0.639467844020577	31.8281449072452
WT_3__Hypoxia_GT23-11302_CAGTAGGC-ATTCGTCA_S34_L001	16.6928101664321	9.02771137321186	0	0.765345812382765	0.656989342390433	25.720521539644
KO_A03__Normoxia_GT23-11291_AAGTCCAA-TACTCATA_S31_L001	5.82799117990717	19.7309942807776	0	0.856095670036576	0.545927889787238	25.5589854606848
KO_B01__Normoxia_GT23-11292_ATCCACTG-ACGCACCT_S24_L001	6.14036424437384	24.6462180331477	0	0.888470936745071	0.492502780516807	30.7865822775215
KO_B02__Normoxia_GT23-11293_CTGCTTCC-GATCTATC_S63_L002	5.70900304202906	25.7784375547539	0	0.83159723209793	0.60936327018461	31.4874405967829
CE_E06__Normoxia_GT23-11294_CAAGCTAG-CGCTATGT_S35_L001	4.69355470364596	27.424696513459	0	0.879663916979263	0.535688873544519	32.118251217105
CE_G07__Normoxia_GT23-11295_TGGATCGA-TATCGCAC_S25_L001	5.95664732726148	27.1553150840677	0	0.876957724298964	0.524750005164653	33.1119624113292
CE_H06__Normoxia_GT23-11296_AGTTCAGG-TCTGTTGG_S20_L001	5.61549931691672	26.7049191758068	0	0.883410766512118	0.514269181015777	32.3204184927235
PTC_A09__Normoxia_GT23-11297_GACCTGAA-CTCACCAA_S16_L001	4.39541932254017	25.9816496034584	0	0.885524350030674	0.524226694455852	30.3770689259986
PTC_D10__Normoxia_GT23-11298_TCTCTACT-GAACCGCG_S32_L001	5.22271416251969	26.6688205336431	0	0.892086990028725	0.50054545819944	31.8915346961628
PTC_G09__Normoxia_GT23-11299_CTCTCGTC-AGGTTATA_S23_L001	5.47472383238623	25.5879104240917	0	0.888701899247048	0.501954768449809	31.0626342564779
WT_1__Normoxia_GT23-11288_CCGCGGTT-CTAGCGCT_S39_L001	7.05609511517488	22.6232534597347	0	0.872141249869744	0.51202870394436	29.6793485749096
WT_2__Normoxia_GT23-11289_TTATAACC-TCGATATC_S27_L001	8.5968028705516	24.1399659276309	0	0.869450652466521	0.509965575962541	32.7367687981825
WT_3__Normoxia_GT23-11290_GGACTTGG-CGTCTGCG_S36_L001	5.84869812680335	20.3824732714238	0	0.852300886991158	0.554773907073536	26.2311713982271
