Mixture	EXM	Prim	P-value	Correlation	RMSE	Absolute score (sig.score)
NC0A3_KO_A02_GT24-01166_CCAAGTCT-TCATCCTT_S138_L005	4.44445770181443	21.2781360591784	0	0.861668030823629	0.548119768576476	25.7225937609928
NC0A3_KO_A12_GT24-01167_TTGGACTC-CTGCTTCC_S147_L005	5.96770125280956	24.6224995362359	0	0.866255402775019	0.531454801935081	30.5902007890455
NC0A3_KO_D11_GT24-01168_CAGTAGGC-ATTCGTCA_S133_L005	4.80829077168443	23.9328108745847	0	0.865944479478082	0.541822722219339	28.7411016462691
NC0A3_CE_F08_GT24-01169_TGACGAAT-GCCTACTG_S137_L005	4.16714515654443	22.5955582521554	0	0.852141792106153	0.572817142888701	26.7627034086999
NC0A3_CE_G05_GT24-01170_TAATACAG-GTGAATAT_S130_L005	5.4059445232299	19.6655052245644	0	0.858926144127228	0.539132392985616	25.0714497477943
NC0A3_CE_H06_GT24-01171_CGGCGTGA-ACAGGCGC_S141_L005	4.96014452188105	23.2110595157834	0	0.872487085357923	0.525610867916066	28.1712040376644
NC0A3_PTC_A10_GT24-01172_ATGTAAGT-CATAGAGT_S132_L005	3.97601381670017	22.8080348392267	0	0.87787638602769	0.525136681169259	26.7840486559269
NC0A3_PTC_A11_GT24-01173_GCACGGAC-TGCGAGAC_S149_L005	4.85542138442082	23.6210917462134	0	0.881026868616517	0.510153668579861	28.4765131306343
NC0A3_PTC_F10_GT24-01174_GGTACCTT-GACGTCTT_S151_L005	4.59890643064416	23.3594477569883	0	0.875129190077377	0.524512774585611	27.9583541876324
NC0A3_WT_1_GT24-01175_AACGTTCC-AGTACTCC_S144_L005	5.10535613233119	24.1533671785147	0	0.874058134836176	0.523009864955902	29.2587233108459
NC0A3_WT_2_GT24-01176_GCAGAATT-TGGCCGGT_S146_L005	4.91603701916987	23.0445355736556	0	0.866424486767226	0.537746634309503	27.9605725928255
NC0A3_WT_3_GT24-01177_ATGAGGCC-CAATTAAC_S131_L005	5.00417668495943	21.833228522698	0	0.849373713686716	0.566436561688744	26.8374052076575
