Mixture	EXM	Prim	P-value	Correlation	RMSE	Absolute score (sig.score)
NR2F2_PTC_A02_GT25-01220_CAAGCTAG-CGCTATGT_S146_L004	10.4095099206954	14.5627301482243	0	0.843152414028498	0.537701367268447	24.9722400689197
NR2F2_PTC_H02_GT25-01222_AGTTCAGG-TCTGTTGG_S137_L004	9.54560043778999	17.3453410395728	0	0.842206523716643	0.543678827455138	26.8909414773628
ELF5_PTC_B06_GT25-01214_CCGCGGTT-CTAGCGCT_S149_L004	8.24620444571395	19.9598814301065	0	0.840124617354016	0.55959407722511	28.2060858758204
ELF5_PTC_E01_GT25-01215_TTATAACC-TCGATATC_S148_L004	6.94717444822879	20.1991999923101	0	0.861683327125235	0.531275386659666	27.1463744405389
ELF5_PTC_H01_GT25-01216_GGACTTGG-CGTCTGCG_S145_L004	9.16658866559693	15.4477324399911	0	0.848111158804155	0.531931916462653	24.614321105588
ASCL2_PTC_A01_20_O2_GT25-01217_AAGTCCAA-TACTCATA_S138_L004	8.27778477525939	21.1875351828137	0	0.865813038054132	0.516222346236861	29.4653199580731
ASCL2_PTC_B06_20_O2_GT25-01218_ATCCACTG-ACGCACCT_S136_L004	8.17900086637151	19.7312298174479	0	0.866855551265317	0.511269894566856	27.9102306838194
ASCL2_PTC_D02_20_O2_GT25-01219_GCTTGTCA-GTATGTTC_S142_L004	8.80174361968062	20.1331220012266	0	0.868475100540904	0.50577834689615	28.9348656209073
ELF5_NR2F2_ASCL2_WT_20__1_GT25-01223_GACCTGAA-CTCACCAA_S143_L004	7.23038552229528	20.4183557019406	0	0.85169882215596	0.54799962632301	27.6487412242359
ELF5_NR2F2_ASCL2_WT_20__2_GT25-01224_TCTCTACT-GAACCGCG_S140_L004	8.35569727868318	20.6600844783922	0	0.856110740967904	0.532414089679539	29.0157817570754
ELF5_NR2F2_ASCL2_WT_20__3_GT25-01225_CTCTCGTC-AGGTTATA_S150_L004	7.55386331965984	20.9171083483839	0	0.853207095161457	0.544067847308956	28.4709716680438
