Mixture	EXM	Prim	P-value	Correlation	RMSE	Absolute score (sig.score)
HIF1a_PTC_A04_20_O2_GT25-00025_ACTAAGAT-CCGCGGTT_S705_L004	7.74618922407576	22.1768239068303	0	0.841366337280474	0.547815634050951	29.923013130906
HIF1a_PTC_A05_20_O2_GT25-00026_GTCGGAGC-TTATAACC_S706_L004	6.61535059919204	24.6409823107976	0	0.846407086506998	0.547671133281321	31.2563329099896
HIF1a_PTC_A06_20_O2_GT25-00027_CTTGGTAT-GGACTTGG_S726_L004	5.32206153554358	25.727115123894	0	0.848040699196927	0.554900908085241	31.0491766594375
TP63_PTC_C10_20_O2_GT25-00028_TCCAACGC-AAGTCCAA_S711_L004	7.24742093943189	23.2167607368333	0	0.848738067770728	0.538482574135562	30.4641816762652
TP63_PTC_C07_20_O2_GT25-00029_CCGTGAAG-ATCCACTG_S715_L004	6.21739256856333	24.8278424146254	0	0.852910338233225	0.53861216252793	31.0452349831887
TP63_PTC_G12_20_O2_GT25-00030_TTACAGGA-GCTTGTCA_S701_L004	6.52679893463544	24.1671663711721	0	0.848326036645029	0.544067072395883	30.6939653058076
KOLF2_2J_20_O2_REP1_GT25-00037_GGCATTCT-CAAGCTAG_S710_L004	6.28046544218508	24.9021307780056	0	0.847433599166795	0.548170252495638	31.1825962201907
KOLF2_2J_20_O2_REP2_GT25-00038_AATGCCTC-TGGATCGA_S730_L004	6.49746955827193	23.8247580682014	0	0.851702792176985	0.537708922256884	30.3222276264733
KOLF2_2J_20_O2_REP3_GT25-00039_TACCGAGG-AGTTCAGG_S703_L004	5.94307338734703	24.8026986423126	0	0.839579439126529	0.563972251524044	30.7457720296597
HIF1a_PTC_A04_3_O2_GT25-00010_GACCTGAA-CTCACCAA_S729_L004	14.1558532000428	21.3690440890483	0	0.775723768890319	0.631823196933296	35.5248972890911
HIF1a_PTC_A05_3_O2_GT25-00011_TCTCTACT-GAACCGCG_S700_L004	14.4818860824862	20.8896613550257	0	0.761420336377037	0.649327561030863	35.3715474375119
HIF1a_PTC_A06_3_O2_GT25-00012_CTCTCGTC-AGGTTATA_S708_L004	12.0789201442255	23.0915523028972	0	0.771573065456412	0.641395161355248	35.1704724471228
TP63_PTC_C10_3_O2_GT25-00013_CCAAGTCT-TCATCCTT_S720_L004	9.74158979454939	26.5515665873017	0	0.815815908386366	0.587677086574724	36.2931563818511
TP63_PTC_C07_3_O2_GT25-00014_TTGGACTC-CTGCTTCC_S717_L004	10.6488587700731	24.9059716962484	0	0.81637922378641	0.582573884479508	35.5548304663215
TP63_PTC_G12_3_O2_GT25-00015_CAGTAGGC-ATTCGTCA_S724_L004	8.32312006044661	28.242132658061	0	0.817762231109274	0.592293470496436	36.5652527185076
ASCL2_PTC_B06_3_O2_GT25-00016_TGACGAAT-GCCTACTG_S712_L004	14.9541138369239	19.3397768655264	0	0.806468696739335	0.591133139686091	34.2938907024503
ASCL2_PTC_D02_3_O2_GT25-00017_TAATACAG-GTGAATAT_S719_L004	15.8434639055339	19.4009922687823	0	0.817792438118179	0.576344076845815	35.2444561743162
ASCL2_PTC_E05_3_O2_GT25-00018_CGGCGTGA-ACAGGCGC_S723_L004	15.6414905711798	19.7790774185984	0	0.818544457798006	0.575032218515567	35.4205679897781
ELF5_PTC_A04_3_O2_GT25-00019_ATGTAAGT-CATAGAGT_S725_L004	14.4955484689097	18.5163822167566	0	0.797470866841794	0.603006052392511	33.0119306856663
ELF5_PTC_B06_3_O2_GT25-00020_GCACGGAC-TGCGAGAC_S731_L004	16.0651541484174	17.6460650041679	0	0.802519592848239	0.597392515816101	33.7112191525852
ELF5_PTC_H01_3_O2_GT25-00021_GGTACCTT-GACGTCTT_S704_L004	14.8392709618908	20.5444826152947	0	0.81571428935404	0.578341888450698	35.3837535771856
KOLF2_2J_3_O2_REP1_GT25-00022_AACGTTCC-AGTACTCC_S714_L004	8.91468842598948	26.4408959390664	0	0.819717058474107	0.584293404718448	35.3555843650559
KOLF2_2J_3_O2_REP2_GT25-00023_GCAGAATT-TGGCCGGT_S707_L004	8.07155440529615	27.4367142732331	0	0.814827869576667	0.59705040184659	35.5082686785293
KOLF2_2J_3_O2_REP3_GT25-00024_ATGAGGCC-CAATTAAC_S721_L004	9.94879964652447	25.6353132344992	0	0.822131662997049	0.576164722158855	35.5841128810237
