Mixture	EXM	Prim	P-value	Correlation	RMSE	Absolute score (sig.score)
BMLHE40_KO_A01_GT24-00863_TGCGGCGT-TACCGAGG_S198_L007	8.97919989516087	15.606802319828	0	0.874888610031641	0.486736289039462	24.5860022149889
BMLHE40_KO_A03_GT24-00864_CATAATAC-CGTTAGAA_S187_L007	8.18214704973565	16.999004468987	0	0.892610661576601	0.457059938807963	25.1811515187226
BMLHE40_KO_D01_GT24-00865_GATCTATC-AGCCTCAT_S189_L007	7.89566719654586	16.8604703429829	0	0.878964284869458	0.485301244580957	24.7561375395288
BMLHE40_CE_A06_GT24-00866_AGCTCGCT-GATTCTGC_S190_L007	8.10505678549899	16.8874658707646	0	0.894450045408363	0.453375105725958	24.9925226562636
BMLHE40_CE_B06_GT24-00867_CGGAACTG-TCGTAGTG_S194_L007	6.8830901577369	19.6392932771195	0	0.864490738116043	0.529598753504316	26.5223834348564
BMLHE40_CE_H05_GT24-00868_TAAGGTCA-CTACGACA_S192_L007	8.79893712827197	15.384868792376	0	0.8662199626596	0.502523791032641	24.1838059206479
BMLHE40_PTC_B12_GT24-00869_TTGCCTAG-TAAGTGGT_S196_L007	8.08772716524741	17.1708099336401	0	0.871481418263284	0.499364322273379	25.2585370988875
BMLHE40_PTC_C11_GT24-00870_CCATTCGA-CGGACAAC_S197_L007	9.10961703474817	13.3940992664414	0	0.844696283241122	0.535933121185583	22.5037163011895
BMLHE40_PTC_D09_GT24-00871_ACACTAAG-ATATGGAT_S195_L007	8.39043902064179	14.0608955397973	0	0.849838244858445	0.529760116608359	22.451334560439
BMLHE40_WT_1_GT24-00872_GTGTCGGA-GCGCAAGC_S193_L007	7.7975278554473	17.8417858906083	0	0.887894177627645	0.470597636161041	25.6393137460556
BMLHE40_WT_2_GT24-00873_TTCCTGTT-AAGATACT_S191_L007	7.76263287897288	16.5985396653281	0	0.842531858401382	0.551587579845274	24.361172544301
BMLHE40_WT_3_GT24-00874_CCTTCACC-GGAGCGTC_S188_L007	7.33373855071084	17.9794793873576	0	0.862707038211416	0.52322724308781	25.3132179380684
