Mixture	EXM	Prim	P-value	Correlation	RMSE
PITX1_PTC_A01_GT23-14983_CTACGACA-TTGGACTC_S34_L001	8.64681482085006	29.2910577450281	0.87030421820796	0.521339164823296	37.9378725658781
PITX1_PTC_B03_GT23-14984_TAAGTGGT-GGCTTAAG_S42_L001	6.97688857675071	28.9192649415927	0.872710928124581	0.529070609403231	35.8961535183434
PITX1_PTC_C03_GT23-14985_CGGACAAC-AATCCGGA_S38_L001	7.75986464991845	30.7654752610163	0.872716073456907	0.526248507038794	38.5253399109347
LMO2_PTC_A06_GT23-14986_ATATGGAT-TAATACAG_S39_L001	8.76513304564643	32.0250457332264	0.880788785704438	0.504855564656496	40.7901787788728
LMO2_PTC_F07_GT23-14987_GCGCAAGC-CGGCGTGA_S37_L001	8.37794468911877	29.3403764211694	0.84740248526527	0.566583249449876	37.7183211102881
LMO2_PTC_F08_GT23-14988_AAGATACT-ATGTAAGT_S40_L001	7.64941292409955	31.5581379599953	0.850128894596368	0.572110805073437	39.2075508840949
ZBTB7C_PTC_A09_GT23-14989_GGAGCGTC-GCACGGAC_S43_L001	7.15819629367168	30.0526370023541	0.861849289936513	0.551166701713856	37.2108332960258
ZBTB7C_PTC_A11_GT23-14990_ATGGCATG-GGTACCTT_S35_L001	6.460756936195	30.7403206734333	0.864360979789253	0.554363894149794	37.2010776096283
ZBTB7C_PTC_B10_GT23-14991_GCAATGCA-AACGTTCC_S44_L001	6.96537671522515	32.0733790537935	0.860970189088956	0.558809449380612	39.0387557690187
WT_PITX1_LMO2_ZBTB7C_1_GT23-14992_GTTCCAAT-GCAGAATT_S41_L001	6.94338597937565	31.6983532822465	0.872827635838998	0.534996626602953	38.6417392616221
WT_PITX1_LMO2_ZBTB7C_2_GT23-14993_ACCTTGGC-ATGAGGCC_S36_L001	6.98486389868027	32.478603361286	0.864055645829071	0.553478625961938	39.4634672599663
WT_PITX1_LMO2_ZBTB7C_3_GT23-14994_ATATCTCG-ACTAAGAT_S45_L001	6.70194121086842	32.5772691701632	0.874425846830193	0.535792391566688	39.2792103810316
