Mixture	EXM	Prim	P-value	Correlation	RMSE	Absolute score (sig.score)
HEY1_PTC_A03_GT24-03511_TGGCCGGT-GCGCTCTA_S33_L001	5.74266010281198	15.6123894728602	0	0.881457968178697	0.479545984161294	21.3550495756722
HEY1_PTC_A06_GT24-03512_AGTACTCC-AACAGGTT_S3_L001	5.96629524909674	15.7979005697559	0	0.88568437126388	0.470296537995615	21.7641958188526
HEY1_PTC_A08_GT24-03513_GACGTCTT-GGTGAACC_S1_L001	7.38873557687642	12.4166297833483	0	0.864485676547232	0.502885510225948	19.8053653602247
HOPX_PTC_A06_GT24-03514_TGCGAGAC-CAACAATG_S8_L001	7.47347650566412	12.3928256484608	0	0.850008571170647	0.526916239922929	19.8663021541249
HOPX_PTC_B06_GT24-03515_CATAGAGT-TGGTGGCA_S4_L001	6.94673298271094	13.9297986914474	0	0.868234679463074	0.497529828842994	20.8765316741584
HOPX_PTC_G05_GT24-03516_ACAGGCGC-AGGCAGAG_S28_L001	6.5321699100019	15.9027827316681	0	0.882382780979086	0.474627607133365	22.43495264167
MAFF_PTC_C07_GT24-03517_GTGAATAT-GAATGAGA_S29_L001	6.87118196721833	14.0437512428951	0	0.894800673317085	0.447420435826349	20.9149332101135
MAFF_PTC_D07_GT24-03518_AACTGTAG-TGCGGCGT_S25_L001	6.7262096530228	13.7902404687331	0	0.863690790888486	0.505967565155453	20.5164501217559
MAFF_PTC_H07_GT24-03519_GGTCACGA-CATAATAC_S2_L001	8.16760295202829	10.6908195638055	0	0.853375425191313	0.522842447514349	18.8584225158338
HEY1_HOPX_MAFF_WT_1_GT24-03520_CTGCTTCC-GATCTATC_S34_L001	5.42085950720274	16.1277136190098	0	0.878348195030205	0.488865372238044	21.5485731262125
HEY1_HOPX_MAFF_WT_2_GT24-03521_TCATCCTT-AGCTCGCT_S16_L001	5.90474403289392	16.2392885897477	0	0.883176182487874	0.476491584522165	22.1440326226416
HEY1_HOPX_MAFF_WT_3_GT24-03522_AGGTTATA-CGGAACTG_S12_L001	5.5800667665528	15.9019363387013	0	0.87722909097371	0.489484172590578	21.4820031052541
MBLN2_PTC_B09_GT24-03499_TAAGGTCA-CTACGACA_S9_L001	5.29822252092837	14.683051434775	0	0.868909054675009	0.504511762288976	19.9812739557033
MBLN2_PTC_C12_GT24-03500_TTGCCTAG-TAAGTGGT_S30_L001	5.42025900650732	16.0184003807959	0	0.865435230408317	0.513529725719844	21.4386593873032
MBLN2_PTC_F11_GT24-03501_CCATTCGA-CGGACAAC_S5_L001	5.39155835162455	16.6817647850114	0	0.869275882640304	0.50811231137059	22.073323136636
MBLN3_PTC_C06_GT24-03502_ACACTAAG-ATATGGAT_S26_L001	6.1137986226822	13.1331345700261	0	0.869830037715473	0.495736895811031	19.2469331927083
MBLN3_PTC_E06_GT24-03504_TTCCTGTT-AAGATACT_S35_L001	6.32152581560623	13.9225938196121	0	0.884590745729865	0.468337119943492	20.2441196352184
MBLN3_PTC_F05_GT24-03503_GTGTCGGA-GCGCAAGC_S10_L001	5.9140984351838	15.1198204529462	0	0.881318791829467	0.477984205758284	21.03391888813
TWIST2_PTC_A09_GT24-03505_CCTTCACC-GGAGCGTC_S13_L001	4.70022695401739	18.1740372290476	0	0.881360322166341	0.494197475702153	22.874264183065
TWIST2_PTC_D09_GT24-03506_GCCACAGG-ATGGCATG_S24_L001	4.28924525031484	19.9860316286756	0	0.881734066471295	0.502756932610314	24.2752768789904
TWIST2_PTC_H09_GT24-03507_ATTGTGAA-GCAATGCA_S20_L001	5.67344021693205	13.2284041515792	0	0.852494009507598	0.528660172814735	18.9018443685113
MBLN2_3_TWIST2_WT_1_GT24-03508_ACTCGTGT-GTTCCAAT_S17_L001	6.13857478775009	12.7681162440674	0	0.853838291881781	0.52343611104885	18.9066910318175
MBLN2_3_TWIST2_WT_2_GT24-03509_GTCTACAC-ACCTTGGC_S21_L001	5.52443479104233	14.8074627688819	0	0.867068179568835	0.506797110823923	20.3318975599243
MBLN2_3_TWIST2_WT_3_GT24-03510_CAATTAAC-ATATCTCG_S19_L001	6.14657392228653	11.7364629630996	0	0.828680058018854	0.562859886165161	17.8830368853861
DLX4_PTC_A01_GT24-03487_ATATCTCG-ACTAAGAT_S22_L001	5.02305370763772	15.0525884704878	0	0.858032185007852	0.527870452365144	20.0756421781255
DLX4_PTC_A02_GT24-03488_GCGCTCTA-GTCGGAGC_S36_L001	3.9395147385564	19.3141950527425	0	0.882695856541527	0.503386106015342	23.2537097912989
DLX4_PTC_B02_GT24-03489_AACAGGTT-CTTGGTAT_S23_L001	3.80316269364399	20.1787924798202	0	0.88443004019198	0.503860730707726	23.9819551734642
DLX5_PTC_A03_GT24-03490_GGTGAACC-TCCAACGC_S15_L001	5.56730222761649	14.7058305147676	0	0.856355838133176	0.525934010867232	20.2731327423841
DLX5_PTC_D03_GT24-03491_CAACAATG-CCGTGAAG_S32_L001	4.75468754699765	17.6942294921724	0	0.879449869460356	0.496272205807676	22.44891703917
DLX5_PTC_F03_GT24-03492_TGGTGGCA-TTACAGGA_S11_L001	4.82863390831432	16.8761920083365	0	0.865922788399921	0.519978997477053	21.7048259166508
DLX6_PTC_D03_GT24-03493_CACGAGCG-TGGCAGAT_S27_L001	6.98349880492125	9.91763092314911	0	0.806300743726124	0.591524578241621	16.9011297280704
DLX6_PTC_F03_GT24-03494_TGCGGCGT-TACCGAGG_S31_L001	4.71233476749495	16.0028996989567	0	0.852951726686072	0.542868448158679	20.7152344664517
DLX6_PTC_G04_GT24-03495_CATAATAC-CGTTAGAA_S6_L001	5.38859127878906	15.2717294784442	0	0.867851315072047	0.507338651073809	20.6603207572332
DLX4_5_6_WT_1_GT24-03496_GATCTATC-AGCCTCAT_S18_L001	4.28809293225394	16.8638225821144	0	0.857175420154676	0.542387042131757	21.1519155143683
DLX4_5_6_WT_2_GT24-03497_AGCTCGCT-GATTCTGC_S7_L001	4.12788097087972	18.4359796828059	0	0.882151311822146	0.499721118524471	22.5638606536857
DLX4_5_6_WT_3_GT24-03498_CGGAACTG-TCGTAGTG_S14_L001	4.17041306335902	17.6952655068901	0	0.869667574762047	0.522308965585128	21.8656785702491
