Mixture	EXM	Prim	P-value	Correlation	RMSE	Absolute score (sig.score)
RUNX1_KO_B07_GT23-13722_TGACGAAT-GCCTACTG_S163_L003	2.13710901896579	31.0258935018723	0	0.828100462662729	0.59637519308946	33.1630025208381
RUNX1_KO_F08_GT23-13723_TAATACAG-GTGAATAT_S173_L003	2.72005450049478	27.281904328883	0	0.834114987779234	0.577691602589457	30.0019588293777
RUNX1_KO_G07_GT23-13724_CGGCGTGA-ACAGGCGC_S175_L003	1.81846231694786	32.3960226412266	0	0.83846612571011	0.582164783835852	34.2144849581744
RUNX1_CE_A11_GT23-13725_ATGTAAGT-CATAGAGT_S161_L003	4.06194465810318	29.3670223417825	0	0.821746367691578	0.590270729686204	33.4289669998857
RUNX1_CE_B02_GT23-13726_GCACGGAC-TGCGAGAC_S178_L003	4.33897552830843	28.6071519964504	0	0.802624128772886	0.618312736088841	32.9461275247589
RUNX1_CE_D02_GT23-13727_GGTACCTT-GACGTCTT_S172_L003	2.03615016519352	32.3101247115035	0	0.814158711330198	0.621737975500695	34.346274876697
RUNX1_PTC_C12_GT23-13728_AACGTTCC-AGTACTCC_S176_L003	2.48048269533773	30.9815729554686	0	0.820664484960273	0.605754772666068	33.4620556508063
RUNX1_PTC_D09_GT23-13729_GCAGAATT-TGGCCGGT_S167_L003	1.26761717873861	33.9167063215414	0	0.836092151103191	0.592764938807713	35.18432350028
RUNX1_PTC_F09_GT23-13730_ATGAGGCC-CAATTAAC_S171_L003	1.54896241919059	33.5923951193851	0	0.808636451509409	0.636565147081546	35.1413575385757
RUNX1_WT1_GT23-13719_CCAAGTCT-TCATCCTT_S170_L003	1.72664402495339	28.8548020077	0	0.873015631145322	0.515846069232217	30.5814460326534
RUNX1_WT2_GT23-13720_TTGGACTC-CTGCTTCC_S157_L003	1.04857025360976	31.2249945447764	0	0.866104219727466	0.538035314204964	32.2735647983862
RUNX1_WT3_GT23-13721_GGCTTAAG-GGTCACGA_S174_L003	1.54629569668998	29.4742839186719	0	0.876517119664559	0.510967490851017	31.0205796153619
MEF2C_KO_B01_GT23-13710_AAGTCCAA-TACTCATA_S164_L003	23.1332007729914	6.8610921446307	0	0.657140813514178	0.758700861149856	29.9942929176221
MEF2C_KO_D03_GT23-13711_ATCCACTG-ACGCACCT_S169_L003	18.0882141103262	11.8578853531769	0	0.607277107081566	0.80027972521744	29.9460994635031
MEF2C_KO_G01_GT23-13712_GCTTGTCA-GTATGTTC_S179_L003	29.1403356290783	3.35270246489277	0	0.666590065553796	0.760512540486885	32.4930380939711
MEF2C_CE_A05_GT23-13713_CAAGCTAG-CGCTATGT_S168_L003	15.3351277138067	14.1921650066384	0	0.654510226772501	0.75805445877227	29.5272927204451
MEF2C_CE_C07_GT23-13714_TGGATCGA-TATCGCAC_S158_L003	9.38395312424792	19.5577043700904	0	0.771728293040298	0.636625510870455	28.9416574943383
MEF2C_CE_D08_GT23-13715_AGTTCAGG-TCTGTTGG_S159_L003	23.4664770422075	7.2602748433574	0	0.641513635215011	0.773425397116841	30.7267518855649
MEF2C_PTC_A01_GT23-13716_GACCTGAA-CTCACCAA_S160_L003	25.5209458920738	4.57235684904751	0	0.672227772544374	0.748945606136987	30.0933027411213
MEF2C_PTC_B03_GT23-13717_TCTCTACT-GAACCGCG_S177_L003	27.0271033713248	3.91023515817951	0	0.67166498261508	0.752178280993099	30.9373385295044
MEF2C_PTC_D07_GT23-13718_CTCTCGTC-AGGTTATA_S156_L003	14.7087552350314	13.8182316278842	0	0.642282249248924	0.769620586130171	28.5269868629157
MEF2C_WT1_GT23-13707_CCGCGGTT-CTAGCGCT_S165_L003	24.3046044114787	6.08588902688529	0	0.656752264204837	0.760819503524894	30.3904934383639
MEF2C_WT2_GT23-13708_TTATAACC-TCGATATC_S162_L003	19.187331129139	10.0208621882361	0	0.632692849486411	0.777948064535173	29.2081933173751
MEF2C_WT3_GT23-13709_GGACTTGG-CGTCTGCG_S166_L003	21.7052181933734	8.21510695827389	0	0.646251649630194	0.767146677689169	29.9203251516473
