Mixture	EXM	Prim	P-value	Correlation	RMSE	Absolute score (sig.score)
PPARG_KO_E02_GT23-11448_CGGACAAC-AATCCGGA_S60_L002	10.250612482168	11.6054430239026	0	0.854008186726384	0.526206439705261	21.8560555060706
PPARG_KO_G02_GT23-11449_ATATGGAT-TAATACAG_S50_L002	8.11577116213746	15.1366090760564	0	0.852392254889778	0.522742042924889	23.2523802381938
PPARG_KO_H02_GT23-11450_GCGCAAGC-CGGCGTGA_S40_L002	10.9609581542691	13.8906081555511	0	0.857738341146243	0.518644036341153	24.8515663098202
PPARG_CE_D08_GT23-11451_AAGATACT-ATGTAAGT_S61_L002	8.87601122606472	7.629930398902	0	0.780084671550514	0.626115895079269	16.5059416249667
PPARG_CE_G05_GT23-11452_GGAGCGTC-GCACGGAC_S48_L002	12.8060868173443	10.9759030916491	0	0.849837392438005	0.537033892264372	23.7819899089934
PPARG_CE_H05_GT23-11453_ATGGCATG-GGTACCTT_S62_L002	11.8571345993457	10.7013825339094	0	0.857023877193391	0.526071890451838	22.5585171332551
PPARG_PTC_A10_GT23-11454_GCAATGCA-AACGTTCC_S54_L002	7.66328628897471	11.4286920488546	0	0.830062924377264	0.557674356694015	19.0919783378293
PPARG_PTC_D10_GT23-11455_GTTCCAAT-GCAGAATT_S63_L002	7.28591799555469	13.7062732418969	0	0.842472526308192	0.538436754636674	20.9921912374516
PPARG_PTC_E12_GT23-11456_ACCTTGGC-ATGAGGCC_S45_L002	6.99470236399753	10.6912058720416	0	0.817641231606593	0.575315074537167	17.6859082360392
PPARG_WT_1_GT23-11445_TCGTAGTG-CCAAGTCT_S43_L002	4.3411219326837	19.9565419064565	0	0.848241323523363	0.544694269908674	24.2976638391402
PPARG_WT_2_GT23-11446_CTACGACA-TTGGACTC_S42_L002	5.10153647755361	19.3981303288414	0	0.842758537994597	0.548781300719388	24.499666806395
PPARG_WT_3_GT23-11447_TAAGTGGT-GGCTTAAG_S55_L002	3.83851987668094	21.1119091864368	0	0.847556910633825	0.55156041033548	24.9504290631177
