Mixture	EXM	Prim	P-value	Correlation	RMSE	Absolute score (sig.score)
DLX3_PTC_C03_GT24-08496_CCAAGTCT-TCATCCTT_S21_L006	6.62799655741652	20.6041662841443	0	0.774861822602446	0.662862142710571	27.2321628415608
DLX3_PTC_F02_GT24-08497_TTGGACTC-CTGCTTCC_S35_L006	5.74371158962841	23.6359388701625	0	0.774112032782079	0.680121285018676	29.3796504597909
DLX3_PTC_H01_GT24-08498_CAGTAGGC-ATTCGTCA_S46_L006	5.52054039155551	32.359368491246	0	0.749477196987114	0.737210078553185	37.8799088828015
MSX2_PTC_A12_GT24-08499_TGACGAAT-GCCTACTG_S26_L006	12.3049408254615	8.93414277188019	0	0.764253944270688	0.647051178738783	21.2390835973417
MSX2_PTC_B06_GT24-08500_TAATACAG-GTGAATAT_S39_L006	8.3955291466309	20.9200881732315	0	0.797879793842363	0.617800862615547	29.3156173198624
MSX2_PTC_C05_GT24-08501_CGGCGTGA-ACAGGCGC_S45_L006	11.853965397838	10.0546032890413	0	0.78459453951986	0.622012312731483	21.9085686868793
VGLLI_PTC_B05_GT24-08502_ATGTAAGT-CATAGAGT_S29_L006	3.81024070028559	27.8553515398539	0	0.866311152304888	0.553760077838159	31.6655922401395
VGLLI_PTC_F06_GT24-08503_GCACGGAC-TGCGAGAC_S44_L006	4.7552016725669	23.7149741383156	0	0.860467548167714	0.545781812497943	28.4701758108825
VGLLI_PTC_H04_GT24-08504_GGTACCTT-GACGTCTT_S34_L006	4.95380738529199	30.7985571256989	0	0.872985930988261	0.532455466731354	35.7523645109909
WT_PrS_1_GT24-08505_AACGTTCC-AGTACTCC_S22_L006	4.83445020957006	21.7077524630014	0	0.869028842527999	0.523864664597784	26.5422026725714
WT_PrS_2_GT24-08506_GCAGAATT-TGGCCGGT_S38_L006	4.55357938754561	22.7383992759501	0	0.856740662673765	0.552926697969791	27.2919786634958
