Mixture	EXM	Prim	P-value	Correlation	RMSE	Absolute score (sig.score)
EPAS1_W_PTC_A03_20__GT24-02457_CCAAGTCT-TCATCCTT_S26_L001	6.04694979899447	23.7189354368824	0	0.859903964676185	0.537048206515306	29.7658852358769
EPAS1_W_PTC_B02_20__GT24-02458_TTGGACTC-CTGCTTCC_S14_L001	6.8033131996513	22.2935504276259	0	0.823322820002602	0.592350699716961	29.0968636272772
EPAS1_W_PTC_B03_20__GT24-02459_CAGTAGGC-ATTCGTCA_S32_L001	6.14237076301703	23.2549343201686	0	0.825489679617698	0.596458469876141	29.3973050831857
EPAS1_W_PTC_A03_3__GT24-02451_CAAGCTAG-CGCTATGT_S8_L001	8.09867887518089	19.4285176367589	0	0.756459289841732	0.676536913965279	27.5271965119398
EPAS1_W_PTC_B02_3__GT24-02452_TGGATCGA-TATCGCAC_S25_L001	8.61549336658463	19.9695803554379	0	0.757127590076448	0.673869711537487	28.5850737220225
EPAS1_W_PTC_B03_3__GT24-02453_AGTTCAGG-TCTGTTGG_S28_L001	7.46344281004997	20.9008725249672	0	0.753983153622595	0.688467798484374	28.3643153350172
EPAS1_W_WT_1_20__GT24-02460_TGACGAAT-GCCTACTG_S29_L001	7.75442073175721	19.7970714802591	0	0.748691046388795	0.69045622757675	27.5514922120164
EPAS1_W_WT_2_20__GT24-02461_TAATACAG-GTGAATAT_S10_L001	7.05340531792788	22.8542987508906	0	0.789649363933974	0.645119914107472	29.9077040688184
EPAS1_W_WT_3_20__GT24-02462_CGGCGTGA-ACAGGCGC_S11_L001	7.80932544141481	21.8835467212326	0	0.808986846181092	0.607580682601795	29.6928721626474
EPAS1_W_WT_1_3__GT24-02454_GACCTGAA-CTCACCAA_S33_L001	14.4033053305273	11.9937263846655	0	0.657308416641445	0.756019642712288	26.3970317151928
EPAS1_W_WT_2_3__GT24-02455_TCTCTACT-GAACCGCG_S18_L001	15.2631775920823	12.7964106784379	0	0.673900674235726	0.740036179694499	28.0595882705202
EPAS1_W_WT_3_3__GT24-02456_CTCTCGTC-AGGTTATA_S12_L001	14.0470446607398	12.6699373413771	0	0.656782220040431	0.757714072440994	26.7169820021169
GRHL1_W2_PTC_A07_GT24-02445_CCGCGGTT-CTAGCGCT_S27_L001	11.8475891901114	8.78439163536396	0	0.678979882578169	0.734244145350319	20.6319808254753
GRHL1_W2_PTC_B10_GT24-02446_TTATAACC-TCGATATC_S23_L001	12.3351324092905	8.98973103470922	0	0.709519588924908	0.704270281568022	21.3248634439997
GRHL1_W2_PTC_B12_GT24-02447_GGACTTGG-CGTCTGCG_S24_L001	11.3077446324981	9.72134500730454	0	0.688324567639944	0.72596985155621	21.0290896398026
GRHL1_W2_WT_1_GT24-02448_AAGTCCAA-TACTCATA_S30_L001	7.51121376364961	17.9489655660059	0	0.764689444733111	0.665007459862591	25.4601793296556
GRHL1_W2_WT_2_GT24-02449_ATCCACTG-ACGCACCT_S6_L001	7.84225767945042	16.9483925223429	0	0.763338034414316	0.662051493528241	24.7906502017933
GRHL1_W2_WT_3_GT24-02450_GCTTGTCA-GTATGTTC_S16_L001	8.88108375358069	16.1518955383368	0	0.798870452334783	0.606077064361905	25.0329792919175
PPARG_R_PTC_A07_GT24-02463_ATGTAAGT-CATAGAGT_S13_L001	9.63486355547898	17.3593918220855	0	0.890059325705328	0.457096886709194	26.9942553775645
PPARG_R_PTC_A08_GT24-02464_GCACGGAC-TGCGAGAC_S19_L001	10.1213300763076	16.5403391201866	0	0.887678819906397	0.462489777699527	26.6616691964942
PPARG_R_PTC_A09_GT24-02465_GGTACCTT-GACGTCTT_S31_L001	10.6527312919405	18.5762115321064	0	0.891995833730447	0.453679168968583	29.2289428240469
PPARG_R_WT_1_GT24-02466_AACGTTCC-AGTACTCC_S4_L001	10.7532797551764	11.8920833961293	0	0.857136756733618	0.521482978529289	22.6453631513057
PPARG_R_WT_2_GT24-02467_GCAGAATT-TGGCCGGT_S15_L001	10.5326376109068	11.6757004070264	0	0.842486206530511	0.542669580446522	22.2083380179332
PPARG_R_WT_3_GT24-02468_ATGAGGCC-CAATTAAC_S21_L001	10.0650939187195	12.7976113687006	0	0.839127163202616	0.545070750781981	22.8627052874201
