Mixture	EXM	Prim	CTB	P-value	Correlation	RMSE	Absolute score (sig.score)
EPAS1_W_PTC_A03_20__GT24-02457_CCAAGTCT-TCATCCTT_S26_L001	1.23019438963993	11.984970594521	5.83750736332995	0	0.932471909368536	0.395857165360529	19.0526723474909
EPAS1_W_PTC_B02_20__GT24-02458_TTGGACTC-CTGCTTCC_S14_L001	1.32011667223663	10.7936390576273	6.30772086257681	0	0.918765728399445	0.415131569375416	18.4214765924407
EPAS1_W_PTC_B03_20__GT24-02459_CAGTAGGC-ATTCGTCA_S32_L001	1.19057198531504	11.2135348464611	6.20970911641826	0	0.917904477828445	0.423501170735757	18.6138159481944
EPAS1_W_PTC_A03_3__GT24-02451_CAAGCTAG-CGCTATGT_S8_L001	0.20913007242325	6.31067059383154	11.2724139606145	0	0.903685508295971	0.434122558628575	17.7922146268693
EPAS1_W_PTC_B02_3__GT24-02452_TGGATCGA-TATCGCAC_S25_L001	0.587151322049611	7.24188347939834	10.4642752009214	0	0.892574215178864	0.452634955501632	18.2933100023694
EPAS1_W_PTC_B03_3__GT24-02453_AGTTCAGG-TCTGTTGG_S28_L001	0.00773644421156096	6.91353401632797	11.3421446211467	0	0.901755243933154	0.43503871743336	18.2634150816862
EPAS1_W_WT_1_20__GT24-02460_TGACGAAT-GCCTACTG_S29_L001	1.1988160641678	9.1765769474963	6.79096638022385	0	0.893657326471084	0.459832379359892	17.1663593918879
EPAS1_W_WT_2_20__GT24-02461_TAATACAG-GTGAATAT_S10_L001	1.24476158220594	11.18041217447	6.37163829617968	0	0.904553703872852	0.452481594700764	18.7968120528557
EPAS1_W_WT_3_20__GT24-02462_CGGCGTGA-ACAGGCGC_S11_L001	1.2237481966497	10.8330171297067	6.57166353313404	0	0.9157637495333	0.421743487130334	18.6284288594905
EPAS1_W_WT_1_3__GT24-02454_GACCTGAA-CTCACCAA_S33_L001	2.61821462931826	2.60095957886225	10.9499932870161	0	0.823364981689684	0.598090921724737	16.1691674951966
EPAS1_W_WT_2_3__GT24-02455_TCTCTACT-GAACCGCG_S18_L001	2.54740807824837	3.0880366933768	11.4533604820326	0	0.828805433181304	0.586785826572185	17.0888052536578
EPAS1_W_WT_3_3__GT24-02456_CTCTCGTC-AGGTTATA_S12_L001	2.43863284284571	2.87382951925542	11.1271551627236	0	0.820109907337839	0.597344093880199	16.4396175248247
GRHL1_W2_PTC_A07_GT24-02445_CCGCGGTT-CTAGCGCT_S27_L001	3.43194902207621	2.63648213012874	7.46479426179848	0	0.809131056842175	0.615806117467675	13.5332254140034
GRHL1_W2_PTC_B10_GT24-02446_TTATAACC-TCGATATC_S23_L001	3.68055056226088	3.10000912900794	7.23965186315514	0	0.818163505888546	0.601612622572551	14.020211554424
GRHL1_W2_PTC_B12_GT24-02447_GGACTTGG-CGTCTGCG_S24_L001	3.23060189325864	3.01388222487914	7.49588472378513	0	0.815738683241644	0.602092155585266	13.7403688419229
GRHL1_W2_WT_1_GT24-02448_AAGTCCAA-TACTCATA_S30_L001	1.82732166119392	7.72573321084514	6.94273294089429	0	0.882670179221673	0.471618137150672	16.4957878129334
GRHL1_W2_WT_2_GT24-02449_ATCCACTG-ACGCACCT_S6_L001	1.91313205617769	7.29182389283531	6.81733510823282	0	0.893111020146929	0.45094984695117	16.0222910572458
GRHL1_W2_WT_3_GT24-02450_GCTTGTCA-GTATGTTC_S16_L001	1.77267922648729	7.30232484429557	7.1624687565341	0	0.90508041745711	0.426872498382526	16.237472827317
PPARG_R_PTC_A07_GT24-02463_ATGTAAGT-CATAGAGT_S13_L001	2.84122412392861	8.09840609862085	6.73415663146624	0	0.920244613249376	0.394873000882026	17.6737868540157
PPARG_R_PTC_A08_GT24-02464_GCACGGAC-TGCGAGAC_S19_L001	2.78083570476106	7.79123360666869	6.87508151503325	0	0.915597335134148	0.406064202837251	17.447150826463
PPARG_R_PTC_A09_GT24-02465_GGTACCTT-GACGTCTT_S31_L001	3.20162152328633	9.25998084641823	6.43969498585634	0	0.924204871384229	0.384011099421644	18.9012973555609
PPARG_R_WT_1_GT24-02466_AACGTTCC-AGTACTCC_S4_L001	4.08718691220449	5.52251103162756	5.9061364802323	0	0.87207383425424	0.503784906056171	15.5158344240643
PPARG_R_WT_2_GT24-02467_GCAGAATT-TGGCCGGT_S15_L001	3.85483289378093	5.05717631281557	6.1534941884397	0	0.866848475676594	0.515317525499954	15.0655033950362
PPARG_R_WT_3_GT24-02468_ATGAGGCC-CAATTAAC_S21_L001	3.54640665410135	5.77348186702959	6.16487810050016	0	0.866889865499365	0.506480691714132	15.4847666216311
