Mixture	EXM	Prim	CTB	P-value	Correlation	RMSE	Absolute score (sig.score)
ISL1_KO_A02_GT23-12147_GGTGAACC-TCCAACGC_S5_L001	11.035907988407	0.620635673512826	5.93616615284219	0	0.912281965111074	0.476191539157432	17.5927098147621
ISL1_KO_D04_GT23-12148_CAACAATG-CCGTGAAG_S3_L001	5.97170008665658	7.70223552194515	4.561517976004	0	0.891942734903261	0.473347817691198	18.2354535846057
ISL1_KO_F04_GT23-12149_TGGTGGCA-TTACAGGA_S17_L001	11.6004997432087	0.136960334681753	6.60967177951016	0	0.913862185607214	0.480288312341461	18.3471318574006
ISL1_CE_A06_GT23-12150_GTTCGCCG-CAATGAGC_S24_L001	12.3690540050547	0.352314692618729	6.27541099063763	0	0.902153297263967	0.515286944693075	18.996779688311
ISL1_CE_B05_GT23-12151_CACGAGCG-TGGCAGAT_S27_L001	4.41468569226346	10.1161697484326	4.18852796643772	0	0.861649420007187	0.55086594789726	18.7193834071338
ISL1_CE_D01_GT23-12152_TGCGGCGT-TACCGAGG_S15_L001	11.1098244856678	2.0564296063565	6.01126048346859	0	0.905780304702425	0.459374990204872	19.1775145754929
ISL1_PTC_A10_GT23-12153_CATAATAC-CGTTAGAA_S20_L001	7.90420423818769	5.21862146456379	5.51972556156088	0	0.901149682686872	0.433982108081112	18.6425512643124
ISL1_PTC_C12_GT23-12154_GATCTATC-AGCCTCAT_S21_L001	10.5883121784781	0.0638808053182773	6.61313922773806	0	0.918843608320624	0.4593318270951	17.2653322115344
ISL1_PTC_D10_GT23-12155_AGCTCGCT-GATTCTGC_S32_L001	7.13381113823871	7.15603886910547	3.92714565188355	0	0.892718744245072	0.456973202708837	18.2169956592277
ISL1_WT_1_GT23-12144_ATATCTCG-ACTAAGAT_S33_L001	13.0720850999393	0.220514878822058	7.11732822099566	0	0.912644968724576	0.486751624126315	20.409928199757
ISL1_WT_2_GT23-12145_GCGCTCTA-GTCGGAGC_S29_L001	13.1321358961789	0	7.10485115046276	0	0.915104876689448	0.487504206146553	20.2369870466417
ISL1_WT_3_GT23-12146_AACAGGTT-CTTGGTAT_S23_L001	13.1499315525168	0.184132140338974	7.11532176638547	0	0.913903394240318	0.485422405554571	20.4493854592412
MEIS1_KO_E03_GT23-12159_CCATTCGA-CGGACAAC_S26_L001	12.299550586429	0.526842827434929	6.25793307298306	0	0.916540521656023	0.475941025643907	19.084326486847
MEIS1_KO_F04_GT23-12160_ACACTAAG-ATATGGAT_S11_L001	10.5649603293055	1.8771077651876	5.95229532812386	0	0.910885191843215	0.446153604099458	18.3943634226169
MEIS1_KO_H03_GT23-12161_GTGTCGGA-GCGCAAGC_S25_L001	9.80634789554854	3.10210210264393	5.67862837853982	0	0.905942733061269	0.436798982888403	18.5870783767323
MEIS1_CE_H08_GT23-12162_TTCCTGTT-AAGATACT_S12_L001	10.2486161965033	3.63637162148396	5.42999669917397	0	0.904565577103946	0.43887818670313	19.3149845171613
MEIS1_CE_C07_GT23-12163_CCTTCACC-GGAGCGTC_S30_L001	10.6982442892595	3.19039582719083	5.63655972843056	0	0.895015754702779	0.466970548019225	19.5251998448809
MEIS1_CE_E06_GT23-12164_GCCACAGG-ATGGCATG_S2_L001	11.7089068836817	1.862851391868	6.12876179920543	0	0.898457649516973	0.483853337941815	19.7005200747551
MEIS1_PTC_F12_GT23-12165_ATTGTGAA-GCAATGCA_S8_L001	12.4247942010704	0.62269290471304	6.25446875060094	0	0.90282354013851	0.507182029014774	19.3019558563844
MEIS1_PTC_G9_GT23-12166_ACTCGTGT-GTTCCAAT_S4_L001	11.172537957089	0.169272835168868	6.46645936529321	0	0.916356039213103	0.47131727911972	17.8082701575511
MEIS1_PTC_G11_GT23-12167_GTCTACAC-ACCTTGGC_S31_L001	12.6855235764737	1.57900825372894	5.93637881446201	0	0.8972546027634	0.503701020659314	20.2009106446646
MEIS1_WT_1__GT23-12156_CGGAACTG-TCGTAGTG_S62_L002	9.73492853007904	3.91033912158664	5.60298767884356	0	0.900265811048819	0.442603386254507	19.2482553305092
MEIS1_WT_2_GT23-12157_TAAGGTCA-CTACGACA_S9_L001	13.0107008790516	1.41112253669066	5.77782516197852	0	0.900005270164793	0.506612462276568	20.1996485777208
MEIS1_WT_3_GT23-12158_TTGCCTAG-TAAGTGGT_S22_L001	12.8402132792482	0.484727383038364	6.33699967443745	0	0.906363530264824	0.505330239824089	19.661940336724
MEIS2_KO_C02_GT23-12173_GACGTCTT-GGTGAACC_S28_L001	11.8401277233233	0.0500765483986315	7.46668960644068	0	0.908080016272813	0.48494034290527	19.3568938781626
MEIS2_CE_A06_GT23-12174_TGCGAGAC-CAACAATG_S1_L001	12.4782239053084	0.00668023704570277	7.46674214063887	0	0.913049759776613	0.480228508678885	19.951646282993
MEIS2_CE_C06_GT23-12175_CATAGAGT-TGGTGGCA_S10_L001	13.6849075902171	0.11625402163224	7.26750818173144	0	0.906034862011237	0.508208927784939	21.0686697935808
MEIS2_CE_C08_GT23-12176_ACAGGCGC-AGGCAGAG_S7_L001	13.1380080188381	0.0304458024572725	7.68015310429766	0	0.904130109458772	0.50346935244021	20.848606925593
MEIS2_PTC_B09_GT23-12177_GTGAATAT-GAATGAGA_S19_L001	13.4404367125175	0.181537601044375	7.88952942138986	0	0.891546139592801	0.527770695357714	21.5115037349518
MEIS2_PTC_E11_GT23-12178_AACTGTAG-TGCGGCGT_S16_L001	11.8967124929307	0	7.70823484413262	0	0.906554878421683	0.486724620609666	19.6049473370633
MEIS2_PTC_G09_GT23-12179_GGTCACGA-CATAATAC_S14_L001	12.4500666280816	0.00770737057426862	7.34095342835597	0	0.913080635850332	0.481859986868028	19.7987274270119
MEIS2_WT_1_GT23-12168_CAATTAAC-ATATCTCG_S18_L001	13.2162189313073	0.00931501529394192	7.4349458798819	0	0.91068482608737	0.493161803811319	20.6604798264831
MEIS2_WT_2_GT23-12169_TGGCCGGT-GCGCTCTA_S6_L001	12.9278266620615	0.259127828953404	7.20067241060597	0	0.909177534872193	0.491385573376249	20.3876269016209
MEIS2_WT_3_GT23-12170_AGTACTCC-AACAGGTT_S13_L001	13.2850999979784	0	7.45865743647733	0	0.910769386548617	0.49344554042375	20.7437574344557
