Mixture	EXM	Prim	CTB	P-value	Correlation	RMSE	Absolute score (sig.score)
KO_A03__Hypoxia_GT23-11303_TGACGAAT-GCCTACTG_S33_L001	5.81734841451362	5.63566112751338	4.65554545200202	0	0.828420401468262	0.566371788524866	16.108554994029
KO_B01__Hypoxia_GT23-11304_TAATACAG-GTGAATAT_S26_L001	3.8149807020464	8.53915303789604	7.20269053727334	0	0.888466443494493	0.460495990376622	19.5568242772158
KO_B02__Hypoxia_GT23-11305_CGGCGTGA-ACAGGCGC_S18_L001	1.97719822137417	9.4530941150611	7.56523754769489	0	0.894645858911721	0.4500043457438	18.9955298841302
CE_E06__Hypoxia_GT23-11306_ATGTAAGT-CATAGAGT_S38_L001	1.97674899073713	7.30504526860379	7.42822746053025	0	0.890818504711615	0.455179945173258	16.7100217198712
CE_G07__Hypoxia_GT23-11307_GCACGGAC-TGCGAGAC_S17_L001	3.04430153528106	10.6063222599576	6.56943853708535	0	0.90120805959085	0.437265621079733	20.220062332324
CE_H06__Hypoxia_GT23-11308_GGTACCTT-GACGTCTT_S19_L001	3.00890443906109	11.113662983828	6.67339833080117	0	0.891237485933767	0.459847050213929	20.7959657536902
PTC_A09__Hypoxia_GT23-11309_AACGTTCC-AGTACTCC_S30_L001	1.85019184831126	11.8294757061458	6.8491686007381	0	0.908193948713851	0.433883289333268	20.5288361551952
PTC_D10__Hypoxia_GT23-11310_GCAGAATT-TGGCCGGT_S22_L001	2.67542964090607	9.59707048597779	6.89824357241205	0	0.9006175320872	0.436749982813695	19.1707436992959
PTC_G09__Hypoxia_GT23-11311_ATGAGGCC-CAATTAAC_S28_L001	1.95979143851363	11.0928994705237	7.2923563996183	0	0.896727775367143	0.452559722191008	20.3450473086556
WT_1__Hypoxia_GT23-11300_CCAAGTCT-TCATCCTT_S29_L001	9.71155442135321	2.68105362577	5.75278441293815	0	0.808204965542462	0.633964202787018	18.1453924600614
WT_2__Hypoxia_GT23-11301_TTGGACTC-CTGCTTCC_S37_L001	13.2253695501912	3.48751311931053	3.87700884878651	0	0.794732346518413	0.644847718166985	20.5898915182882
WT_3__Hypoxia_GT23-11302_CAGTAGGC-ATTCGTCA_S34_L001	5.18425882410842	4.40458207983282	7.68306766352356	0	0.80119505214638	0.609110138079971	17.2719085674648
KO_A03__Normoxia_GT23-11291_AAGTCCAA-TACTCATA_S31_L001	1.87230129947239	11.3795923589932	4.05083482831958	0	0.882322804859354	0.515949745504801	17.3027284867852
KO_B01__Normoxia_GT23-11292_ATCCACTG-ACGCACCT_S24_L001	1.00816799297301	15.8987251495411	3.30593224387642	0	0.908774587451825	0.533974932565355	20.2128253863905
CE_E06__Normoxia_GT23-11294_CAAGCTAG-CGCTATGT_S35_L001	0	17.1959568668101	3.80517277053896	0	0.900006683477164	0.583950849318992	21.001129637349
CE_G07__Normoxia_GT23-11295_TGGATCGA-TATCGCAC_S25_L001	1.11986013975487	16.2326045714015	4.13983643776538	0	0.898655889613892	0.537068451616722	21.4923011489218
CE_H06__Normoxia_GT23-11296_AGTTCAGG-TCTGTTGG_S20_L001	0.773215034383835	16.7075750620961	3.54700097952229	0	0.903205441224457	0.554008929608621	21.0277910760022
PTC_A09__Normoxia_GT23-11297_GACCTGAA-CTCACCAA_S16_L001	0.660822232600485	16.7175900191039	2.59230781218951	0	0.90622845486034	0.577243572236026	19.9707200638939
PTC_D10__Normoxia_GT23-11298_TCTCTACT-GAACCGCG_S32_L001	0.410001590623431	17.2735937537715	3.10285131372099	0	0.911935452424508	0.562385512691028	20.7864466581159
PTC_G09__Normoxia_GT23-11299_CTCTCGTC-AGGTTATA_S23_L001	0.250059777925318	16.807294487483	3.33457979646821	0	0.908746882988318	0.566122436884388	20.3919340618765
WT_1__Normoxia_GT23-11288_CCGCGGTT-CTAGCGCT_S39_L001	1.24783719748052	14.0489250081691	4.10288835794104	0	0.898536234252814	0.517863733162291	19.3996505635907
WT_2__Normoxia_GT23-11289_TTATAACC-TCGATATC_S27_L001	2.18305588808932	14.3761137556355	4.59254218431178	0	0.892653869446596	0.503768259143821	21.1517118280366
WT_3__Normoxia_GT23-11290_GGACTTGG-CGTCTGCG_S36_L001	1.22023894180517	11.4688291433694	4.79947521222693	0	0.886101420696589	0.511606727349645	17.4885432974015
