Mixture	EXM	Prim	CTB	P-value	Correlation	RMSE	Absolute score (sig.score)
NC0A3_KO_A02_GT24-01166_CCAAGTCT-TCATCCTT_S138_L005	2.27230200059669	11.3943226038404	3.99919217627655	0	0.882705646740263	0.524930104070417	17.6658167807136
NC0A3_KO_A12_GT24-01167_TTGGACTC-CTGCTTCC_S147_L005	2.26937460891223	13.1865283149323	4.97528185784539	0	0.89018944968609	0.511823952270366	20.43118478169
NC0A3_KO_D11_GT24-01168_CAGTAGGC-ATTCGTCA_S133_L005	1.42158864560485	13.0095300416177	4.83667464586259	0	0.893797739098801	0.523924455304171	19.2677933330852
NC0A3_CE_F08_GT24-01169_TGACGAAT-GCCTACTG_S137_L005	0.846039812506087	12.0100273688087	5.25530982161157	0	0.880807731362404	0.550748198131853	18.1113770029263
NC0A3_CE_G05_GT24-01170_TAATACAG-GTGAATAT_S130_L005	2.19994231450372	9.78861886299931	5.19949865747916	0	0.884860209340159	0.493239037742344	17.1880598349822
NC0A3_CE_H06_GT24-01171_CGGCGTGA-ACAGGCGC_S141_L005	1.41692128409561	12.4213836643691	5.07301551929491	0	0.901539838482786	0.497650241509323	18.9113204677597
NC0A3_PTC_A10_GT24-01172_ATGTAAGT-CATAGAGT_S132_L005	1.09147836618436	12.40386841508	4.67038338262674	0	0.898928162671286	0.518853030407322	18.1657301638911
NC0A3_PTC_A11_GT24-01173_GCACGGAC-TGCGAGAC_S149_L005	1.48357279142729	13.0798674297605	4.55932494932422	0	0.90271701705061	0.507648122553257	19.122765170512
NC0A3_PTC_F10_GT24-01174_GGTACCTT-GACGTCTT_S151_L005	1.44047081978141	12.83412153456	4.55445224453999	0	0.897971815709732	0.517361214274633	18.8290445988814
NC0A3_WT_1_GT24-01175_AACGTTCC-AGTACTCC_S144_L005	1.53978718692256	13.7113626689803	4.14250646179415	0	0.901125096182779	0.522909190247495	19.3936563176971
NC0A3_WT_2_GT24-01176_GCAGAATT-TGGCCGGT_S146_L005	1.36309641184378	13.3644059216678	3.87783714510268	0	0.895428653982279	0.542922196512028	18.6053394786143
NC0A3_WT_3_GT24-01177_ATGAGGCC-CAATTAAC_S131_L005	2.0081058734321	11.8795133132146	4.04813451790113	0	0.881452598278278	0.537796547564841	17.9357537045478
