Mixture	EXM	Prim	CTB	P-value	Correlation	RMSE	Absolute score (sig.score)
PPARG_KO_E02_GT23-11448_CGGACAAC-AATCCGGA_S60_L002	5.8660972810318	6.18825474369708	3.00590681355406	0	0.870863701611453	0.49791495275861	15.0602588382829
PPARG_KO_G02_GT23-11449_ATATGGAT-TAATACAG_S50_L002	4.1541762570498	7.91431076923057	3.5192530537185	0	0.877859651624316	0.478786621148689	15.5877400799989
PPARG_KO_H02_GT23-11450_GCGCAAGC-CGGCGTGA_S40_L002	6.49373977581915	8.00261664223727	2.17803287161226	0	0.875722037371082	0.483815100021982	16.6743892896687
PPARG_CE_D08_GT23-11451_AAGATACT-ATGTAAGT_S61_L002	4.17595601149132	3.11321420034429	4.71729284195154	0	0.80711781524904	0.600544009231442	12.0064630537872
PPARG_CE_G05_GT23-11452_GGAGCGTC-GCACGGAC_S48_L002	7.71919955457238	6.20829077040024	2.12580703587304	0	0.865905966639275	0.508703037669445	16.0532973608457
PPARG_CE_H05_GT23-11453_ATGGCATG-GGTACCTT_S62_L002	6.50098364637365	5.81230824483433	2.92661179290484	0	0.873457076860909	0.497992481795274	15.2399036841128
PPARG_PTC_A10_GT23-11454_GCAATGCA-AACGTTCC_S54_L002	4.04486225056247	5.35368765099304	4.06449024285322	0	0.857747391296411	0.518461302087266	13.4630401444087
PPARG_PTC_D10_GT23-11455_GTTCCAAT-GCAGAATT_S63_L002	3.70912323250048	6.7799804638864	3.94966735617011	0	0.870487588664379	0.492501918643992	14.438771052557
PPARG_PTC_E12_GT23-11456_ACCTTGGC-ATGAGGCC_S45_L002	2.78809533181267	4.80492431241581	4.98020070719846	0	0.850200804333227	0.52961063717499	12.5732203514269
PPARG_WT_1_GT23-11445_TCGTAGTG-CCAAGTCT_S43_L002	2.04698072120891	10.269217676031	3.7140789629813	0	0.888940210294063	0.47556609558617	16.0302773602212
PPARG_WT_2_GT23-11446_CTACGACA-TTGGACTC_S42_L002	2.53235984290339	9.9085673093582	3.70781536477512	0	0.882174193148855	0.482309673886637	16.1487425170367
PPARG_WT_3_GT23-11447_TAAGTGGT-GGCTTAAG_S55_L002	1.44371883190373	11.0687650620707	3.89434218832313	0	0.885463390571919	0.495280153754501	16.4068260822976
