Mixture	EXM	Prim	CTB	P-value	Correlation	RMSE	Absolute score (sig.score)
GCM1_KO_C1_GT23-11436_TCCAACGC-AAGTCCAA_S58_L002	3.12681357706998	3.55489048523912	4.26293420300279	0	0.754898461110481	0.655474583545416	10.9446382653119
GCM1_KO_E4_GT23-11437_CCGTGAAG-ATCCACTG_S56_L002	2.33618619934051	3.45832244277992	5.48166995476787	0	0.763727216615021	0.645168459265935	11.2761785968883
GCM1_KO_G4_GT23-11438_TTACAGGA-GCTTGTCA_S53_L002	2.09074859803711	3.47762571493559	5.66412711748476	0	0.752378320281701	0.658473691971053	11.2325014304575
GCM1_CE_D6_GT23-11439_GGCATTCT-CAAGCTAG_S49_L002	2.0769798401438	2.902133527236	5.34868995519464	0	0.744472476679446	0.66721396648771	10.3278033225744
GCM1_CE_G6_GT23-11440_AATGCCTC-TGGATCGA_S59_L002	3.32473499125553	1.49583565230871	6.24451887673166	0	0.783213074708223	0.630256158683109	11.0650895202959
GCM1_CE_G8_GT23-11441_TACCGAGG-AGTTCAGG_S44_L002	2.73459148681187	2.9123171934398	5.29567990185745	0	0.759289024769234	0.651114528965351	10.9425885821091
GCM1_PTC_A11_GT23-11442_CGTTAGAA-GACCTGAA_S52_L002	2.52828082887835	3.88518682516631	4.91112801733865	0	0.75073511242523	0.660363697278879	11.3245956713833
GCM1_PTC_B12_GT23-11443_AGCCTCAT-TCTCTACT_S51_L002	2.95106621084174	3.30069376377013	4.52372304334506	0	0.740972714270226	0.671008426669331	10.7754830179569
GCM1_PTC_E11_GT23-11444_GATTCTGC-CTCTCGTC_S47_L002	2.35966695891061	3.43152274193252	5.12063857873602	0	0.753784710784617	0.656679282223336	10.9118282795791
GCM1_WT_1_GT23-11433_ACTAAGAT-CCGCGGTT_S57_L002	0.76580777025349	13.7599637272942	1.71778944451387	0	0.891583470310765	0.550771273579957	16.2435609420616
GCM1_WT_2_GT23-11434_GTCGGAGC-TTATAACC_S46_L002	2.42399702358897	8.96933479322461	2.06412306705353	0	0.875331236533424	0.501341297692494	13.4574548838671
GCM1_WT_3_GT23-11435_CTTGGTAT-GGACTTGG_S41_L002	1.61313467904282	10.9228726782342	1.93515787107616	0	0.889666204649616	0.504214252729399	14.4711652283532
