Mixture	EXM	Prim	CTB	P-value	Correlation	RMSE	Absolute score (sig.score)
BMLHE40_KO_A01_GT24-00863_TGCGGCGT-TACCGAGG_S198_L007	2.85768992515876	8.6669161459588	5.19712873962677	0	0.895917893704279	0.453018990260399	16.7217348107443
BMLHE40_KO_A03_GT24-00864_CATAATAC-CGTTAGAA_S187_L007	1.85511524170545	9.52720911537315	5.74835006457105	0	0.908330407963845	0.439123325184637	17.1306744216496
BMLHE40_KO_D01_GT24-00865_GATCTATC-AGCCTCAT_S189_L007	1.78126444131373	9.4859675289986	5.56769009236347	0	0.897408145677101	0.466366334468986	16.8349220626758
BMLHE40_CE_A06_GT24-00866_AGCTCGCT-GATTCTGC_S190_L007	1.57078876855614	9.76179781935562	5.67050502954871	0	0.91032965091606	0.441604801582881	17.0030916174605
BMLHE40_CE_B06_GT24-00867_CGGAACTG-TCGTAGTG_S194_L007	0.72136408191104	10.830520844049	6.22744960350045	0	0.889812310442498	0.508364223512559	17.7793345294605
BMLHE40_CE_H05_GT24-00868_TAAGGTCA-CTACGACA_S192_L007	1.64457507817166	8.49600681021334	6.29314864481377	0	0.890837882155974	0.469164410765517	16.4337305331988
BMLHE40_PTC_B12_GT24-00869_TTGCCTAG-TAAGTGGT_S196_L007	1.566648092059	9.9325197761469	5.56110919611957	0	0.894253626925206	0.481035534398113	17.0602770643255
BMLHE40_PTC_C11_GT24-00870_CCATTCGA-CGGACAAC_S197_L007	2.98308305139245	6.70256190788925	5.90750887809482	0	0.871708843218814	0.490860267494051	15.5931538373765
BMLHE40_PTC_D09_GT24-00871_ACACTAAG-ATATGGAT_S195_L007	2.32621862231852	6.82836753700067	6.36143804927301	0	0.877551002615335	0.481667506243445	15.5160242085922
BMLHE40_WT_1_GT24-00872_GTGTCGGA-GCGCAAGC_S193_L007	1.46603438875294	10.2224427834657	5.49674275289904	0	0.910592379873253	0.448987513732671	17.1852199251177
BMLHE40_WT_2_GT24-00873_TTCCTGTT-AAGATACT_S191_L007	1.67744153979499	9.17640853878758	5.56879878129184	0	0.8775086424143	0.507583692461581	16.4226488598744
BMLHE40_WT_3_GT24-00874_CCTTCACC-GGAGCGTC_S188_L007	1.33317650617603	10.1513318469799	5.47641057424779	0	0.89155535421561	0.494608379824984	16.9609189274038
