Mixture	EXM	Prim	CTB	P-value	Correlation	RMSE	Absolute score (sig.score)
MDX1_KO_C03_GT23-10879_CGTTAGAA-GACCTGAA_S5_L001	4.02919908886687	11.6917627494376	4.07788369087331	0	0.928707028971557	0.388540677583702	19.7988455291777
MDX1_KO_C04_GT23-10880_AGCCTCAT-TCTCTACT_S11_L001	2.24073441094835	11.0987873921632	5.10775321336146	0	0.927103010898069	0.404289212603609	18.447275016473
MDX1_KO_D01_GT23-10881_GATTCTGC-CTCTCGTC_S9_L001	4.30634424288509	10.6731010887523	3.86214810872474	0	0.89547396160499	0.459964372724088	18.8415934403621
MDX1_CE_F07_GT23-10885_CGGACAAC-AATCCGGA_S40_L001	4.53470415318774	11.5920116462828	3.41029918017894	0	0.877370491275017	0.505115759526081	19.5370149796495
MDX1_CE_H05_GT23-10886_ATATGGAT-TAATACAG_S10_L001	3.09098366820751	8.66872948776743	4.09084445098114	0	0.872438829773183	0.505194322806944	15.8505576069561
MDX1_CE_H08_GT23-10887_GCGCAAGC-CGGCGTGA_S25_L001	1.73582671156872	12.3823085328484	4.65348672494427	0	0.884653044425883	0.53182543252786	18.7716219693614
MDX1_PTC_B10_GT23-10882_TCGTAGTG-CCAAGTCT_S4_L001	2.3010978095293	13.2551960414094	4.25346032507075	0	0.886703461298947	0.528648774004424	19.8097541760094
MDX1_PTC_C11_GT23-10883_CTACGACA-TTGGACTC_S18_L001	1.93181744486504	9.94748149306468	4.34049975639216	0	0.881262235149013	0.515508511303369	16.2197986943219
MDX1_PTC_G10_GT23-10884_TAAGTGGT-GGCTTAAG_S34_L001	2.37134306026021	11.830231765283	4.26976192600191	0	0.899720294420833	0.485325947659716	18.4713367515451
MDX1_KOLF2_1_GT23-10876_GGCATTCT-CAAGCTAG_S8_L001	1.04819475464672	12.8962926295445	5.51333796892984	0	0.892037835815977	0.523168105866814	19.457825353121
MDX1_KOLF2_2_GT23-10877_AATGCCTC-TGGATCGA_S3_L001	2.682267380553	12.4771536641575	4.67149307102163	0	0.897033978911436	0.485814850703874	19.8309141157321
MDX1_KOLF2_3_GT23-10878_TACCGAGG-AGTTCAGG_S13_L001	2.67985281397413	13.0668170836184	4.12973368403235	0	0.903100685051673	0.484267125956596	19.8764035816248
