Mixture	EXM	Prim	CTB	P-value	Correlation	RMSE	Absolute score (sig.score)
GHRL1_KO_D02_GT23-10494_TCTCTACT-GAACCGCG_S26_L001	2.69013139819919	6.89468906849963	4.7592062444206	0	0.854208100864416	0.522069164732277	14.3440267111194
GHRL1_KO_G04_GT23-10495_CTCTCGTC-AGGTTATA_S15_L001	3.79965836341248	5.78280542204335	4.21867142161916	0	0.844124540519226	0.536303739375386	13.801135207075
GHRL1_KO_H04_GT23-10496_CCAAGTCT-TCATCCTT_S35_L001	2.38561439252162	8.65630473727629	4.82923469054445	0	0.846855145333361	0.545251746671893	15.8711538203424
GHRL1_CE_A05_GT23-10497_TTGGACTC-CTGCTTCC_S12_L001	3.42515794744277	5.40556512510035	4.37899042337513	0	0.83328234573117	0.552734839976413	13.2097134959182
GHRL1_CE_A08_GT23-10498_CAGTAGGC-ATTCGTCA_S39_L001	3.75491501078495	5.19891608112102	4.34921491950756	0	0.83106217431873	0.556713565994099	13.3030460114135
GHRL1_CE_D07_GT23-10499_TGACGAAT-GCCTACTG_S31_L001	3.44657216699498	5.70382182141455	4.76125361690902	0	0.839112758955052	0.543942781308841	13.9116476053186
GHRL1_PTC_A09_GT23-10500_TAATACAG-GTGAATAT_S2_L001	5.25027261605277	2.51254540816119	4.12934090443273	0	0.809766418140951	0.609721392165087	11.8921589286467
GHRL1_PTC_A10_GT23-10501_CGGCGTGA-ACAGGCGC_S30_L001	2.90810974760589	6.87807430879326	4.80046350624081	0	0.847795019411102	0.531939335936829	14.58664756264
GHRL1_PTC_C09_GT23-10502_ATGTAAGT-CATAGAGT_S19_L001	5.9736920381916	1.79419070210241	4.27206463747495	0	0.786195680870152	0.644550565530968	12.039947377769
KOLF2_GHRL1_2_GT23-10492_TTACAGGA-GCTTGTCA_S6_L001	0	13.4150569172793	3.66921210457788	0	0.914470067814645	0.516858521111337	17.0842690218572
POU2F3_KO_B04_GT23-10503_GCACGGAC-TGCGAGAC_S14_L001	1.87565384065986	8.38452878370523	4.21179685250121	0	0.903317344157627	0.441294225573794	14.4719794768663
POU2F3_KO_F04_GT23-10504_GGTACCTT-GACGTCTT_S33_L001	2.65305659623207	7.51496611467953	3.84040919454342	0	0.892929949846116	0.453922341587223	14.008431905455
POU2F3_KO_G03_GT23-10505_AACGTTCC-AGTACTCC_S37_L001	1.28007566474071	10.2740481178509	4.35802551986964	0	0.912245238367324	0.443141520901145	15.9121493024613
POU2F3_CE_B05_GT23-10506_GCAGAATT-TGGCCGGT_S17_L001	1.83418102385973	8.75738872310096	4.15928999625376	0	0.903804254535849	0.443647488922862	14.7508597432144
POU2F3_CE_A06_GT23-10507_ATGAGGCC-CAATTAAC_S24_L001	3.02367409557873	6.38165424073494	4.03146648965108	0	0.868247639065145	0.496496380500177	13.4367948259647
POU2F3_CE_B06_GT23-10508_ACTAAGAT-CCGCGGTT_S23_L001	2.76131076554358	8.20401815860013	3.69358014063682	0	0.901633790050713	0.438091875368184	14.6589090647805
POU2F3_PTC_A09_GT23-10509_GTCGGAGC-TTATAACC_S7_L001	0.772537704056688	10.9598488662425	4.11396815086304	0	0.915628296230923	0.457143424542349	15.8463547211623
POU2F3_PTC_A10_GT23-10510_CTTGGTAT-GGACTTGG_S42_L001	1.70047843924734	8.97812826874061	4.17737426549148	0	0.910119017156285	0.432389625180804	14.8559809734794
POU2F3_PTC_G09_GT23-10511_TCCAACGC-AAGTCCAA_S29_L001	1.1467828444179	9.72800747408694	4.16785549850813	0	0.900663598372985	0.471192875669949	15.042645817013
KOLF2_POU2F3_1_GT23-10491_CCGTGAAG-ATCCACTG_S38_L001	0.722747514460645	10.9949540983129	4.42543630853346	0	0.914285235710129	0.456629141547774	16.143137921307
FOSB_CE_C08_GT23-10482_CCGCGGTT-CTAGCGCT_S36_L001	2.81587822180115	9.33825965178549	3.23499584178125	0	0.908768747369332	0.430338091350147	15.3891337153679
FOSB_CE_C05_GT23-10483_TTATAACC-TCGATATC_S27_L001	3.54812628819684	7.92203174590638	3.47941802473737	0	0.896286690888776	0.444920124317517	14.9495760588406
FOSB_CE_D07_GT23-10484_GGACTTGG-CGTCTGCG_S22_L001	1.31198163264262	11.510400455926	3.50096109713493	0	0.909706019269525	0.472292524764159	16.3233431857036
FOSB_PTC_C11_GT23-10485_AAGTCCAA-TACTCATA_S21_L001	1.33777692880058	11.7109252461163	3.43775873115737	0	0.890447554263424	0.518276099820359	16.4864609060743
FOSB_PTC_B09_GT23-10486_ATCCACTG-ACGCACCT_S41_L001	1.19359473110787	13.6726316768908	3.09116128744385	0	0.890291599080802	0.545647497250209	17.9573876954426
FOSB_PTC_A10_GT23-10487_GCTTGTCA-GTATGTTC_S28_L001	1.16673934093317	12.8007724260149	3.12016504774335	0	0.90002682952365	0.517508506190029	17.0876768146914
FOSB_KO_E04_GT23-10488_CAAGCTAG-CGCTATGT_S20_L001	1.97114661296487	11.57487269593	3.12455081173154	0	0.893742928831459	0.498843783002617	16.6705701206264
FOSB_KO_C02_GT23-10489_TGGATCGA-TATCGCAC_S1_L001	5.42913617126101	7.60009159344712	2.4736637855983	0	0.892161805111381	0.452557110766104	15.5028915503064
FOSB_KO_B04_GT23-10490_AGTTCAGG-TCTGTTGG_S16_L001	2.13666920788082	11.1523996507794	3.38787812645979	0	0.89523030057964	0.484504268426818	16.67694698512
KOLF2_FOSB_1_GT23-10493_GACCTGAA-CTCACCAA_S32_L001	0.237847746562165	14.5289400416818	3.15185125406763	0	0.916001927443669	0.525751212994782	17.9186390423116
