Mixture	EXM	Prim	CTB	P-value	Correlation	RMSE	Absolute score (sig.score)
RUNX1_KO_B07_GT23-13722_TGACGAAT-GCCTACTG_S163_L003	0.328764249125706	15.3234368026899	6.71022477225114	0	0.863153973773663	0.530305370894022	22.3624258240667
RUNX1_KO_F08_GT23-13723_TAATACAG-GTGAATAT_S173_L003	0.339484984657221	13.1997881869867	6.85959460893358	0	0.865420077544803	0.515287853302962	20.3988677805775
RUNX1_KO_G07_GT23-13724_CGGCGTGA-ACAGGCGC_S175_L003	0.206315971209022	16.9570183062359	5.84179042091912	0	0.870265213160708	0.535760058022425	23.0051246983641
RUNX1_CE_A11_GT23-13725_ATGTAAGT-CATAGAGT_S161_L003	1.17515170046055	14.0744689423825	7.22907224416039	0	0.857273596820683	0.524383562786601	22.4786928870035
RUNX1_CE_B02_GT23-13726_GCACGGAC-TGCGAGAC_S178_L003	1.38234560362903	13.8230257910501	6.77886212354425	0	0.846041313237179	0.54443736188266	21.9842335182234
RUNX1_CE_D02_GT23-13727_GGTACCTT-GACGTCTT_S172_L003	0.146844357485585	15.5275621108194	7.35867382526647	0	0.85171641813415	0.548830651549567	23.0330802935715
RUNX1_PTC_C12_GT23-13728_AACGTTCC-AGTACTCC_S176_L003	0.771604343447712	15.4529731698268	6.1890354189401	0	0.856770696776571	0.54242316447949	22.4136129322146
RUNX1_PTC_D09_GT23-13729_GCAGAATT-TGGCCGGT_S167_L003	0.243204100348478	17.3836952581773	6.07394830366957	0	0.868978269510709	0.536718789812474	23.7008476621954
RUNX1_PTC_F09_GT23-13730_ATGAGGCC-CAATTAAC_S171_L003	0.0933274641391862	16.6934904115474	6.66891448975453	0	0.846461113878959	0.571587282029582	23.4557323654411
RUNX1_WT1_GT23-13719_CCAAGTCT-TCATCCTT_S170_L003	0.291876134969469	13.6089842581272	6.76418171028063	0	0.900652809064408	0.446087818337204	20.6650421033773
RUNX1_WT2_GT23-13720_TTGGACTC-CTGCTTCC_S157_L003	0.0471479803582165	15.366817135765	6.22385541792081	0	0.896075547531704	0.47187274084252	21.6378205340441
RUNX1_WT3_GT23-13721_GGCTTAAG-GGTCACGA_S174_L003	0.243318806660958	14.4663807342998	6.2134443220248	0	0.904964643693582	0.44508664633497	20.9231438629856
MEF2C_KO_B01_GT23-13710_AAGTCCAA-TACTCATA_S164_L003	17.1191696132321	1.98312262074634	4.29196580227696	0	0.776034600586706	0.631470706518211	23.3942580362554
MEF2C_KO_D03_GT23-13711_ATCCACTG-ACGCACCT_S169_L003	13.08093937899	4.19574475518354	5.38094091060464	0	0.747484275312337	0.667789274632685	22.6576250447782
MEF2C_KO_G01_GT23-13712_GCTTGTCA-GTATGTTC_S179_L003	21.7216859828473	0.841305630378856	3.21341851413456	0	0.772176281953081	0.638252498494288	25.7764101273607
MEF2C_CE_A05_GT23-13713_CAAGCTAG-CGCTATGT_S168_L003	9.53036395518672	5.5754361614877	6.48711286737092	0	0.75165028027081	0.666814165024026	21.5929129840453
MEF2C_CE_C07_GT23-13714_TGGATCGA-TATCGCAC_S158_L003	4.89174812960043	8.35386013160923	7.00473315395623	0	0.811245820339673	0.590411245908903	20.2503414151659
MEF2C_CE_D08_GT23-13715_AGTTCAGG-TCTGTTGG_S159_L003	17.2731249029329	2.13056025036454	4.68055589856961	0	0.76284392790537	0.647168639740883	24.084241051867
MEF2C_PTC_A01_GT23-13716_GACCTGAA-CTCACCAA_S160_L003	18.8144009012964	1.1712795437406	3.71428524284639	0	0.781246263485842	0.624740215710853	23.6999656878834
MEF2C_PTC_B03_GT23-13717_TCTCTACT-GAACCGCG_S177_L003	20.1887615557947	0.688510542136268	3.63622739273491	0	0.780327201494748	0.626860475787671	24.5134994906659
MEF2C_PTC_D07_GT23-13718_CTCTCGTC-AGGTTATA_S156_L003	9.13950280919552	5.88366702850839	5.89865702162445	0	0.730323280324229	0.685972740381916	20.9218268593284
MEF2C_WT1_GT23-13707_CCGCGGTT-CTAGCGCT_S165_L003	17.9668226476163	1.50586486816193	4.37168855272967	0	0.773534530542987	0.634210088315809	23.8443760685079
MEF2C_WT2_GT23-13708_TTATAACC-TCGATATC_S162_L003	13.0415558227099	3.60646900731523	5.59868231720859	0	0.753768642948479	0.661801287106549	22.2467071472337
MEF2C_WT3_GT23-13709_GGACTTGG-CGTCTGCG_S166_L003	15.9943588540085	3.0253122923884	4.06198330041907	0	0.764873152567933	0.645046957604304	23.0816544468159
