Mixture	EXM	Prim	CTB	P-value	Correlation	RMSE	Absolute score (sig.score)
PITX1_PTC_A01_GT23-14983_CTACGACA-TTGGACTC_S34_L001	1.73080108837801	16.6032517438563	6.72202952246127	0	0.895466182773664	0.518290572762106	25.0560823546956
PITX1_PTC_B03_GT23-14984_TAAGTGGT-GGCTTAAG_S42_L001	1.5729242051597	15.7392673492506	6.68554432787484	0	0.897134169912624	0.512030064453443	23.9977358822851
PITX1_PTC_C03_GT23-14985_CGGACAAC-AATCCGGA_S38_L001	1.77432221475846	17.3042965311646	6.33701835877349	0	0.89819901114501	0.520892492475269	25.4156371046965
LMO2_PTC_A06_GT23-14986_ATATGGAT-TAATACAG_S39_L001	2.9361810160688	18.693615406418	5.31179833668938	0	0.902677981216154	0.510298621165421	26.9415947591762
LMO2_PTC_F07_GT23-14987_GCGCAAGC-CGGCGTGA_S37_L001	1.34536315782372	15.8627814150256	7.68716473866053	0	0.878725520629509	0.545110667121034	24.8953093115098
LMO2_PTC_F08_GT23-14988_AAGATACT-ATGTAAGT_S40_L001	1.20291523675442	17.6577751892853	6.96246881371575	0	0.878101384856987	0.569690374386114	25.8231592397555
ZBTB7C_PTC_A09_GT23-14989_GGAGCGTC-GCACGGAC_S43_L001	1.84818278381259	16.5305460063914	6.18769227487448	0	0.887995273292411	0.538369062291582	24.5664210650784
ZBTB7C_PTC_A11_GT23-14990_ATGGCATG-GGTACCTT_S35_L001	0.995847906748291	17.1231375388704	6.6402206947502	0	0.888117663979585	0.55384274785341	24.7592061403689
ZBTB7C_PTC_B10_GT23-14991_GCAATGCA-AACGTTCC_S44_L001	1.33545097991114	17.8999770232087	6.50983920193541	0	0.885975435829561	0.558099030139533	25.7452672050553
WT_PITX1_LMO2_ZBTB7C_1_GT23-14992_GTTCCAAT-GCAGAATT_S41_L001	1.489401879809	18.1601423603604	5.95215031667792	0	0.895427192839383	0.543924041037695	25.6016945568473
WT_PITX1_LMO2_ZBTB7C_2_GT23-14993_ACCTTGGC-ATGAGGCC_S36_L001	1.69009546633046	18.3294972282585	6.01519549676315	0	0.887513621925472	0.556942226829316	26.0347881913522
WT_PITX1_LMO2_ZBTB7C_3_GT23-14994_ATATCTCG-ACTAAGAT_S45_L001	1.7616238648035	18.3033536768031	5.89775953380703	0	0.897968516939098	0.534149512902454	25.9627370754136
