Mixture	EXM	Prim	CTB	P-value	Correlation	RMSE	Absolute score (sig.score)
HEY1_PTC_A03_GT24-03511_TGGCCGGT-GCGCTCTA_S33_L001	3.17740572906935	7.51560184500644	4.10588383788803	0	0.898213905728825	0.44249405858018	14.7988914119638
HEY1_PTC_A06_GT24-03512_AGTACTCC-AACAGGTT_S3_L001	3.32952017858671	7.82547191507258	3.95364235015483	0	0.899329546171787	0.441005287754354	15.1086344438141
HEY1_PTC_A08_GT24-03513_GACGTCTT-GGTGAACC_S1_L001	4.31120838217225	5.97713334028796	3.71494801791464	0	0.88339734738422	0.470193183548089	14.0032897403748
HOPX_PTC_A06_GT24-03514_TGCGAGAC-CAACAATG_S8_L001	4.38321425851901	5.92970897235391	3.73544324888688	0	0.867251445381701	0.498503910906075	14.0483664797598
HOPX_PTC_B06_GT24-03515_CATAGAGT-TGGTGGCA_S4_L001	3.81076420536987	6.62785865089322	4.09042988886096	0	0.886792501345118	0.462424194013569	14.529052745124
HOPX_PTC_G05_GT24-03516_ACAGGCGC-AGGCAGAG_S28_L001	3.47633048661317	7.84876248599766	4.02415258327259	0	0.901653162014103	0.435140484925713	15.3492455558834
MAFF_PTC_C07_GT24-03517_GTGAATAT-GAATGAGA_S29_L001	3.72715084147343	6.99753746906214	3.85284119368814	0	0.909186631496885	0.416994591179181	14.5775295042237
MAFF_PTC_D07_GT24-03518_AACTGTAG-TGCGGCGT_S25_L001	3.62764900043819	6.7742632325867	3.97670795177234	0	0.879615490673138	0.476314518552668	14.3786201847972
MAFF_PTC_H07_GT24-03519_GGTCACGA-CATAATAC_S2_L001	5.17604872206578	4.53724398798201	3.8389628618203	0	0.866399950217848	0.512753578550664	13.5522555718681
HEY1_HOPX_MAFF_WT_1_GT24-03520_CTGCTTCC-GATCTATC_S34_L001	2.37738096806116	8.04108417302968	4.44085646058333	0	0.899387047764991	0.4471797998979	14.8593216016742
HEY1_HOPX_MAFF_WT_2_GT24-03521_TCATCCTT-AGCTCGCT_S16_L001	3.06066309575574	8.0727144484896	4.08636503290932	0	0.904100812856908	0.432908909743436	15.2197425771547
HEY1_HOPX_MAFF_WT_3_GT24-03522_AGGTTATA-CGGAACTG_S12_L001	2.80130942714966	7.70622166709906	4.28342644801123	0	0.90015405845635	0.440752651670174	14.7909575422599
MBLN2_PTC_B09_GT24-03499_TAAGGTCA-CTACGACA_S9_L001	1.82347289761371	6.69974984379829	5.33017306334967	0	0.895370462392611	0.448739275586716	13.8533958047617
MBLN2_PTC_C12_GT24-03500_TTGCCTAG-TAAGTGGT_S30_L001	1.67465009562194	7.79358874800343	5.11330988428393	0	0.898421063155138	0.450765140382979	14.5815487279093
MBLN2_PTC_F11_GT24-03501_CCATTCGA-CGGACAAC_S5_L001	1.5875268523517	8.32222843744517	5.00369664406457	0	0.899169835072766	0.455116963528475	14.9134519338614
MBLN3_PTC_C06_GT24-03502_ACACTAAG-ATATGGAT_S26_L001	1.96285449230128	6.52867187343267	4.93843836612039	0	0.88781848544857	0.463984580793108	13.4299647318543
MBLN3_PTC_E06_GT24-03504_TTCCTGTT-AAGATACT_S35_L001	2.13959998594109	6.96344067081639	4.96203227074411	0	0.901435857949081	0.4363123165128	14.0650729275016
MBLN3_PTC_F05_GT24-03503_GTGTCGGA-GCGCAAGC_S10_L001	1.50939665134232	7.51844387757403	5.4520421795268	0	0.907222464284484	0.428889662931124	14.4798827084432
TWIST2_PTC_A09_GT24-03505_CCTTCACC-GGAGCGTC_S13_L001	1.4701637209819	8.93172640763046	5.07143826396784	0	0.90497169643528	0.448201056750869	15.4733283925802
TWIST2_PTC_D09_GT24-03506_GCCACAGG-ATGGCATG_S24_L001	1.47273919517029	10.3222569706721	4.44152086346001	0	0.909955313948612	0.457499650105205	16.2365170293024
TWIST2_PTC_H09_GT24-03507_ATTGTGAA-GCAATGCA_S20_L001	2.28084637841151	5.66711622181662	5.35377956615033	0	0.880746604071571	0.473950239648124	13.3017421663785
MBLN2_3_TWIST2_WT_1_GT24-03508_ACTCGTGT-GTTCCAAT_S17_L001	3.19499085506936	5.53383309715978	4.58929073011896	0	0.882234344232899	0.471945940455641	13.3181146823481
MBLN2_3_TWIST2_WT_2_GT24-03509_GTCTACAC-ACCTTGGC_S21_L001	2.44454615995335	6.68053876281292	4.95733775101653	0	0.893670937530871	0.450325386607682	14.0824226737828
MBLN2_3_TWIST2_WT_3_GT24-03510_CAATTAAC-ATATCTCG_S19_L001	3.34691321506252	4.65560583401939	4.7535886538587	0	0.85881041096008	0.515256982036537	12.7561077029406
DLX4_PTC_A01_GT24-03487_ATATCTCG-ACTAAGAT_S22_L001	2.23922144116404	6.77355180759328	4.85612987228231	0	0.889505505982109	0.460277756830146	13.8689031210396
DLX4_PTC_A02_GT24-03488_GCGCTCTA-GTCGGAGC_S36_L001	0.937387265480563	9.97420649183033	4.76752535248704	0	0.911778427016484	0.457116186395434	15.6791191097979
DLX4_PTC_B02_GT24-03489_AACAGGTT-CTTGGTAT_S23_L001	0.946992062053356	10.4073193739462	4.72309546692238	0	0.911877365715833	0.461833102948132	16.0774069029219
DLX5_PTC_A03_GT24-03490_GGTGAACC-TCCAACGC_S15_L001	2.30484208760831	6.79573509307314	4.94572099164262	0	0.887987242497898	0.462805964975827	14.0462981723241
DLX5_PTC_D03_GT24-03491_CAACAATG-CCGTGAAG_S32_L001	1.38817819050259	8.84283557040576	4.99224250307278	0	0.909720652635153	0.438535602625256	15.2232562639811
DLX5_PTC_F03_GT24-03492_TGGTGGCA-TTACAGGA_S11_L001	1.58582431089065	8.04791094501539	5.18444175943528	0	0.898073552890204	0.453921287393757	14.8181770153413
DLX6_PTC_D03_GT24-03493_CACGAGCG-TGGCAGAT_S27_L001	3.55712771021338	3.86600245393128	4.83831200280775	0	0.842221686510394	0.546002275078544	12.2614421669524
DLX6_PTC_F03_GT24-03494_TGCGGCGT-TACCGAGG_S31_L001	1.59631941470154	7.39661137623185	5.23163872732934	0	0.886202516158922	0.47402868189641	14.2245695182627
DLX6_PTC_G04_GT24-03495_CATAATAC-CGTTAGAA_S6_L001	2.25658867933404	7.01843705853177	4.94982373401388	0	0.898143693396313	0.442967476608625	14.2248494718797
DLX4_5_6_WT_1_GT24-03496_GATCTATC-AGCCTCAT_S18_L001	1.35526235442948	7.89166891554827	5.17892345087227	0	0.894178056849066	0.464336070030171	14.42585472085
DLX4_5_6_WT_2_GT24-03497_AGCTCGCT-GATTCTGC_S7_L001	0.88531649882871	9.52862647750295	4.85566679080725	0	0.909983852036988	0.456656483954816	15.2696097671389
DLX4_5_6_WT_3_GT24-03498_CGGAACTG-TCGTAGTG_S14_L001	1.10706898032919	8.73304998681271	5.04305270659148	0	0.899544317843922	0.465522934418477	14.8831716737334
