Mixture	EXM	Prim	CTB	P-value	Correlation	RMSE	Absolute score (sig.score)
EPAS1_R_PTC_A03_N_GT24-02296_CCATTCGA-CGGACAAC_S183_L005	1.2628275641262	7.97796779185287	4.02915137583721	0	0.905265918561199	0.425600140527185	13.2699467318163
EPAS1_R_PTC_A05_N_GT24-02298_GTGTCGGA-GCGCAAGC_S203_L005	1.37986366766666	8.15111859860608	3.63971562142325	0	0.890483439067043	0.457836908941368	13.170697887696
EPAS1_R_PTC_A06_N_GT24-02300_CCTTCACC-GGAGCGTC_S208_L005	1.73792263155907	6.14897428283488	3.98683164567281	0	0.887429199251463	0.461761341868269	11.8737285600668
EPAS1_R_WT1_N_GT24-02290_CATAATAC-CGTTAGAA_S190_L005	0.836026020032828	9.24547254349482	3.72946686838177	0	0.904035550850378	0.437139956053388	13.8109654319094
EPAS1_R_WT2_N_GT24-02292_AGCTCGCT-GATTCTGC_S184_L005	0.997056906651621	8.18910103127745	3.97039113364154	0	0.911192015026647	0.414176346424902	13.1565490715706
EPAS1_R_WT3_N_GT24-02294_TAAGGTCA-CTACGACA_S191_L005	0.860440543738823	9.23913024691821	3.64912552734506	0	0.918589572519579	0.402981219554812	13.7486963180021
EPAS1_R_PTC_A03_H_GT24-02297_ACACTAAG-ATATGGAT_S192_L005	6.04370738381905	0.260980919905956	5.87583696548445	0	0.862377813469256	0.547540861837458	12.1805252692095
EPAS1_R_PTC_A05_H_GT24-02299_TTCCTGTT-AAGATACT_S202_L005	5.32718652179167	0.299814726113529	5.75294008110013	0	0.860915385593605	0.550233936709401	11.3799413290053
EPAS1_R_PTC_A06_H_GT24-02301_GCCACAGG-ATGGCATG_S205_L005	6.38957196006134	0.215114333004204	5.65871868762121	0	0.886416834558004	0.516773728404836	12.2634049806868
EPAS1_R_WT1_H_GT24-02291_GATCTATC-AGCCTCAT_S197_L005	6.21675124026345	1.03247161277361	5.61005243003381	0	0.845824515007209	0.569011098011659	12.8592752830709
EPAS1_R_WT2_H_GT24-02293_CGGAACTG-TCGTAGTG_S189_L005	6.07449938920729	0.450332514070385	6.1259409168599	0	0.851499483993667	0.561435650332608	12.6507728201376
EPAS1_R_WT3_H_GT24-02295_TTGCCTAG-TAAGTGGT_S185_L005	5.65574388359269	0.765993740409818	6.26013645916672	0	0.850082677460546	0.564403541234228	12.6818740831692
GCM1_R_PTC_B01_GT24-02281_ATATCTCG-ACTAAGAT_S196_L005	0.703110062105984	12.9123201020562	2.82679726173439	0	0.864871289781333	0.553553214034733	16.4422274258966
GCM1_R_PTC_B06_GT24-02282_GCGCTCTA-GTCGGAGC_S195_L005	1.44046486564879	9.39683648256451	2.96617536802561	0	0.855630524551935	0.535026608006307	13.8034767162389
GCM1_R_PTC_C04_GT24-02283_AACAGGTT-CTTGGTAT_S200_L005	1.16234035970669	9.63589776559803	3.10419927000959	0	0.862481484062876	0.526410401157879	13.9024373953143
GHRL1_R_PTC_C09_GT24-02284_GGTGAACC-TCCAACGC_S198_L005	1.54774389740461	9.46365989811782	2.95799999728737	0	0.867257326235631	0.511987415929054	13.9694037928098
GHRL1_R_PTC_D07_GT24-02285_CAACAATG-CCGTGAAG_S206_L005	1.63745403547013	9.70617008888729	2.95960042490664	0	0.876590869837081	0.493679925406864	14.3032245492641
GHRL1_R_PTC_D09_GT24-02286_TGGTGGCA-TTACAGGA_S187_L005	2.0277574472632	9.67015845692362	2.5828630155534	0	0.861479864084748	0.521036725041166	14.2807789197402
GCM1_GHRL1_WT_1_GT24-02287_GTTCGCCG-CAATGAGC_S186_L005	1.77493075907408	7.41405738432847	3.60362394883773	0	0.842848879088307	0.541184285336535	12.7926120922403
GCM1_GHRL1_WT_2_GT24-02288_CACGAGCG-TGGCAGAT_S204_L005	1.41244765541927	8.39678631733686	3.34808262213841	0	0.851781368403393	0.53406696317535	13.1573165948945
GCM1_GHRL1_WT_3_GT24-02289_TGCGGCGT-TACCGAGG_S199_L005	1.60755897056753	6.76595251399691	4.16844164382105	0	0.821813489523371	0.572035535008207	12.5419531283855
