genesymbols	EXM	Prim	CTB
A4GALT	39.2876148667945	101.853695874365	1797.52904826952
ABHD17C	270.004202516702	1381.20780565598	624.914283185582
ABHD5	76.6768062556444	639.181402800464	200.92391525587
ABTB2	78.6634952155973	4074.05450538101	239.00750638286
AC091057.6	69.1381527862873	11.8535787791471	552.097293695335
ACHE	300.978803016612	93.3454102579118	1173.25213133886
ACKR2	505.314096695329	492.079010355717	4016.013629035
ACKR3	4189.64266550909	1015.28232397895	738.152639377757
ACOXL	17.2630573066192	25.4380593856298	349.63336262262
ACTC1	13767.080699825	187.510393614833	807.750895877288
ADAM28	106.088534847365	9.47874223231555	488.644016505244
ADAM8	32.2526454753	652.052041855824	600.992949837618
ADAMTS16	149.683950448815	37.0780895075982	577.757965415269
ADAMTS18	566.183154721766	6.96271884248519	31.2192417794138
ADAMTS2	1330.34745357363	51.2827028304517	50.2726318949363
ADCY5	12.6941297015504	323.390357783065	18.7512707888946
ADGRB2	888.573295996985	7.86421420547167	72.4637816067216
ADM2	35.7697788109657	450.186577410562	72.1216013342006
AFAP1L2	893.487288564775	16.128570089201	239.814748766909
AFDN	6660.27409247168	1270.91339665974	4131.86442819025
AFF1	1131.45030502096	2881.6043914914	1478.96093611546
AKAP17A	1578.74058443905	3085.38498730287	4214.27326255487
AKNA	1002.63411891746	215.047630163138	798.993140834811
ALAS1	524.347186129708	3322.85872255621	1869.92201644885
ALOX5	44.0379069198808	19.4714682903115	405.504148790349
AMER2	19.5305574367346	25.9036419438814	231.324378504045
ANGPT4	8.6386181408556	681.637890283711	110.69363854347
ANGPTL4	664.219370675745	281.650319261725	3133.23118969961
ANKS1A	5436.87837205617	320.362015824129	2810.73004199261
ANLN	562.799522210606	88.6185097437313	1770.00674865533
ANXA1	3205.54966996105	28152.6233056929	3664.31644023389
ANXA3	2065.58609795938	110.518106972292	1702.26577981698
ANXA6	2442.63354004595	357.695371185788	1591.98798324827
APELA	12.1485685484461	330.409843441862	173.916640209258
APOBEC3C	870.399831945262	35.8551096552972	367.604988308025
APOBEC3F	468.994687996688	10.419067898352	234.342786601193
APOL6	14.6653291951781	8.87141768166979	273.319551133565
APPBP2	306.661407754889	810.004122730981	605.610592678681
AQP1	4128.19864900595	17.0877287532162	80.3580730067097
ARHGAP18	125.399792071596	1344.43402616019	1230.68275795287
ARHGAP29	3813.00696035373	120.027294043335	3505.41522686306
ARHGAP31	365.489260022164	4.67534180278953	43.0806021622678
ASAP3	124.50914729474	63.0699954726783	710.680461021485
ASCL2	31.0760037523131	26.6258170863329	1601.73360241608
ASPM	150.142318593997	14.7734088781268	662.423193495745
ATF3	466.532942559774	3084.21146648816	1555.69684369354
ATF7IP2	204.388569065693	32.0871804811559	1166.72839986841
ATG9B	11.5773579228701	368.797201792474	33.710449510042
ATP10D	150.227982832483	1691.5124411011	837.295111150827
ATP2B1	2070.90421219617	133.814128964741	444.313389361065
ATP2B4	3682.44499117684	6928.40445456872	4276.84547149714
ATP6V0A1	342.073389510956	947.600969610701	980.774218896759
ATXN1	951.958330820142	48.4270368615073	236.948488899365
AURKB	491.093813896767	73.2091494551629	1993.64038830495
AVPI1	143.037347310223	1923.19073573877	705.087595512845
AXL	1772.68565553173	29.4984678058298	424.811778844805
B4GALNT3	26.2209972896893	286.636322800529	144.227042026892
BACE1	959.425423835639	15.5135401724962	175.909750795052
BACH1	3204.00650205958	989.846105560179	1862.15155680873
BAIAP2	350.733591411674	2197.50350226634	1438.06083448741
BAMBI	5661.84960427978	117.58659438709	518.970893000759
BCAM	1995.13943396443	651.524481068524	8436.37217226451
BCL2L1	968.449863481708	2112.58655027151	1206.41376768703
BCORL1	300.651076173602	1223.50780433875	595.267155609592
BGN	86.3426425877565	3501.12840972564	235.488365491338
BHLHE41	76.2497055360231	38.4308143105655	437.41315540248
BLVRB	752.681854315604	280.360624487273	3050.25116747873
BMF	1129.48094213942	64.586876530658	781.382282016316
BNC1	480.325760320989	13.4515344566345	109.988031577512
BTBD3	1671.23615735927	84.1513157329601	792.453249771067
BTG1	1375.80148842622	5383.85837560146	5288.62906952861
BUB1	352.132555367158	42.2146280696788	1392.27099768544
C10orf95	17.0780169999076	736.393077876889	88.7388733230964
C1orf115	253.355916799343	1113.73399401332	850.238548609023
C1orf21	2867.54478831089	799.112563713577	1598.47146536729
C2orf72	115.075879317799	2191.42184380621	2310.07667421778
C4orf47	29.5202392211704	5.48308294924271	513.307760246036
C6orf132	72.3816433623177	72.4141036162202	463.681856656277
CA12	95.9170917937568	55.9370561484426	1440.22160076144
CA3	4326.52537807045	38.2424856112034	356.516867649798
CACNG4	1133.5614230942	18.2025205004293	80.6089531813383
CADM1	1289.31754835609	22.682935474956	79.589097527245
CAMK1G	760.78680263412	26.842344675598	58.6059321613534
CAPN2	4442.63333489382	115.476054673487	1278.93222879648
CASZ1	12.3154556510621	350.480377150787	20.911691160401
CAV1	100.746938585657	179.311805440707	4289.71394463829
CAVIN1	122.295550021981	45.1833828641426	467.420056440535
CBLB	1204.34336685238	4868.51001898304	2267.76006606046
CBLC	77.070665764182	75.2218043368483	1320.85756444159
CBR1	205.700455183885	65.7823423353859	768.448169781351
CCDC141	4.11235305990529	25.1768082806938	615.421793142766
CCDC183	2612.07537755592	113.749702507543	1970.04681749947
CCDC69	1271.65659669889	148.798626642689	568.341333628089
CCN2	124.445842750735	45.3674919911866	537.594675225689
CCND2	2413.21700795461	47.9014824752329	420.138329827855
CCNE1	1039.40974926301	7614.02141632842	6963.66790865971
CCNF	225.141282150554	108.154405371849	814.978493988675
CCR7	194.370134533433	6078.13010014489	1857.19348101057
CCSER1	229.751733157187	171.035285286691	1495.31869523073
CD274	17.8665175288771	1277.65684782084	320.715896684564
CD300A	2216.86423860549	21.746961887121	282.919306992324
CD55	133.63401122009	2241.24640090675	1755.20392826374
CD74	1446.15993441046	167.604614969686	302.954418663727
CD82	848.471979698734	16.5624193911437	80.3913293261145
CD9	11189.4786494357	748.814332657006	4405.54473010362
CDC20	242.432412498724	55.0474493918407	785.444258197874
CDC25A	44.1715784918636	14.5534587713819	277.128261891008
CDC6	109.44616299492	1077.95380002591	599.212671413353
CDCA2	156.90915326148	28.1901907738995	667.895894578002
CDCA3	113.261412480669	64.5448864438345	709.558645668503
CDCA8	289.677864026827	42.4827107299355	984.010025208704
CDH10	2799.66547738669	42.9195709473019	1146.90145635292
CDH3	4327.84263649542	63.7712458080795	355.910705739993
CDH5	90.9819267890322	5340.38503054912	738.150051420943
CDK1	338.715836525581	50.7635961106582	1531.15077088911
CDKL5	177.139751857792	844.896667529606	519.819935855442
CDO1	335.731018083993	44.2401253929307	1313.29592363143
CDRT4	1405.41076015658	60.0720992228732	1202.70385212896
CEBPB	2160.52552974385	8205.00695080443	8087.17598504623
CEBPD	500.839858730522	734.377774787948	5810.61916511725
CELSR1	3385.49525989823	78.5134599691205	3025.06443419631
CENPE	135.764034264708	27.0167345825968	1028.0602713218
CENPF	327.028034527988	42.2252907674415	1578.75703399363
CEP170B	198.031659554471	1145.67967251116	745.403294388522
CHST11	911.77102343784	83.367393798251	116.069740969408
CIT	304.999952585722	28.4896066119049	1261.60718586357
CITED4	37.5182432224076	50.9603329573026	276.877130897137
CKS2	448.629302163551	3045.08759407813	1749.77259706111
CLDN1	9.85907400531503	1218.32083333027	175.760063212609
CLDN3	177.68108834535	249.301752700393	1929.41099294721
CLEC1A	23.5609868958124	930.265405617048	750.174543253908
CMTM7	815.566595299103	39.9296569734826	387.391379261975
CMYA5	115.492290668722	20.8170762407832	497.173320734443
COBLL1	776.905664485133	3195.09855143002	1051.26404930618
COL11A2	755.458106696081	27.9623334209261	103.943360977411
COL12A1	1169.82301360281	19.8722146842325	73.9496552175034
COL16A1	1714.10348847619	23.5487341189181	114.548721289392
COL18A1	19551.2810470542	408.052701071376	3158.41158690426
COL1A1	12385.3258060795	224.767878576791	1457.87614151375
COL1A2	9297.16149056315	455.115741652674	3004.41505795736
COL3A1	5904.90656268006	42.4329588452568	45.3307706121149
COL5A1	7623.16101703204	448.802786238001	2943.99833469935
COL5A2	2403.437174083	122.383930991312	439.811511761878
COL6A3	2920.02378236956	52.4903316488847	298.851982423309
COL6A6	2015.05063525255	34.2674090276853	207.025311563126
CPE	5275.95026624353	77.2129427795751	179.641378877689
CPM	98.4869850048656	2939.05850833773	282.105808130425
CRABP2	1272.10875777231	43.1604871321516	274.390908035578
CREB3L2	707.797644817211	1566.71949094536	1169.23004161024
CREG1	1911.50425097232	391.990891673244	1132.23636134988
CRIP2	14.3485786298978	1080.02836437864	95.9818999348557
CSNK2A2	911.938267689591	1959.73175119547	1980.02998005936
CSRP1	2947.58642993647	835.709865408751	1844.84996782878
CTHRC1	2854.46490392249	20.0842571773682	109.267796243629
CXADR	483.18397139404	28.7876601411798	175.735085478793
CXXC5	1217.33351726849	264.328256663434	772.637083978383
CYBRD1	37.1168185972816	7.61293365844419	317.688029821364
CYP11A1	171.652750461304	3009.28543070955	1504.12254634358
CYP19A1	29.8151668737456	1361.52606814536	41.565353777553
CYP1A1	209.082554444501	59.9205925643921	1946.96106932319
CYTH3	95.9804473812861	728.48634548007	230.853527366833
CYYR1	34.2823569049727	546.330900434905	167.360199474552
DACT1	2535.719357605	35.4901082024046	67.0305304936242
DCAF12	366.6825585719	2247.75194582815	787.153336668856
DDHD1	1015.96101234058	62.5353882876803	920.155019764165
DDIT4	11647.5792369162	2895.79426526986	6925.78872057655
DEDD2	459.458948754648	1700.79316937501	1244.9133925854
DEF6	245.814981441651	70.4222456718279	1504.18821205807
DENND2A	533.514161635803	82.3824816512635	2526.28472228258
DENND3	45.6090201587055	11.8605370550801	398.164813935255
DEPDC1B	156.475477499278	1033.28154105242	743.1611410944
DEPP1	692.565926609456	6856.86366216067	909.514546732803
DIAPH3	212.559303598184	46.34579512678	759.998875551571
DKK3	686.231770603122	23.008912340756	157.889987787142
DLC1	2090.99491881407	62.4470913791633	1047.09291493259
DLG4	689.245382495208	86.6367138276919	382.197742477296
DLGAP5	263.240409418609	23.1537765418336	821.640254015009
DLK2	623.27347295788	4.56858109663413	39.1806514948413
DLL1	280.792477228306	40.2939334618591	972.544327698194
DLX2	1263.03309313592	13.6384036868063	353.871511573098
DLX4	68.0330257427598	141.34776314088	1117.89486492576
DNAJB9	222.878781398996	1428.75098126149	463.151753050805
DNAJC3	252.253827336708	1244.80623160426	470.896357310347
DNMT3B	601.278781718347	416.294432777493	3234.22130457378
DOCK5	87.0696552613566	105.201715690379	3011.84659092008
DOK4	9083.87043961467	271.144163955008	4357.66829056188
DPP7	792.54212579752	127.446011494067	2692.0168215254
DPPA3	2.64893577417152	11.6062411110602	260.012963166369
DPYSL3	2824.29875439538	24.7721154249479	56.0707882623637
DSC3	24.7450682825228	14.9698434189504	266.280757376814
DTL	79.683457336817	16.3102245484246	601.723496617677
DYSF	97.580194159939	2866.04329281426	325.982911254845
E2F2	8.93695902324549	12.6353386527051	201.967711674375
E2F7	31.0195537363074	19.7507083342043	194.083124368758
EAF1	492.165757016654	2156.78078702077	1886.6949568868
ECE1	4853.50429317408	471.988736333622	3245.05643254708
EDEM1	336.361996638941	1400.4935541265	1708.0066314598
EDIL3	468.746156239266	6.00219732227868	21.4408798213648
EDNRA	597.559972611071	6.34690222150486	18.3148087766678
EEPD1	55.6093279645955	1908.64674034461	99.6504726940374
EFNB1	1638.81447350548	81.2631228295799	1477.49571061633
EFNB2	1947.56128352472	149.276978908781	748.938841127959
EGR1	1409.47721135614	216.318537957532	5638.6532506752
EHD1	504.378593320959	3521.06931474518	947.581417523976
EHD2	592.858089007334	15.6579997784712	299.627272830874
EIF2B2	185.832145065387	1852.13998581287	383.807992938265
ELF5	6.19705484891693	38.1105637111207	549.61672233522
ELL	275.211214989504	928.940665792833	779.749093026472
EMILIN2	4023.52394942696	159.955756072094	2239.03249589375
EMP2	1612.61787634133	85.7312214828697	917.161433147575
EMP3	442.545855680179	9.33532082164472	128.304105202553
ENGASE	84.380414262074	1236.55179724203	285.562283689609
ENPEP	4407.21798373882	177.059707385373	1325.04075171914
ENTPD2	40.7410628682422	17.5496012330243	192.451369226763
EPB41L3	836.797368993129	4057.1891440937	962.633730603765
EPHA1	570.64428398806	24.5101158260498	363.706205923864
EPHB4	1157.49683382357	3837.6131621996	2354.38917755478
EPHB6	450.219522295347	5.21418981630167	12.9458660726249
EPO	250.960053390787	74.1278458406386	1419.80535154481
EPS8L1	1811.63312019357	3249.02524966488	3364.72983296494
EPSTI1	866.175474432058	20.0357508236655	208.981961912869
ERN1	114.45594125636	778.129983471606	644.063085880534
ERVFRD.1	40.9186630086666	993.576050872097	123.584983529908
ERVMER34.1	42.6387918378269	121.121674114891	1984.60939937533
ERVV.1	190.992762347311	9102.75099260606	816.78617693015
ERVV.2	412.408820564894	11668.5345003689	1275.39615373827
ESPL1	202.093689330388	44.4038713649198	1000.88123025978
ESRRG	58.4727404787176	1221.44531818831	605.261034583664
ETV4	22.5282111403525	1106.30196338165	56.8973258444647
EVL	591.568885666676	209.698796630178	2705.58952443053
EYA1	721.697241413123	16.0701884614057	214.049240428692
FABP5	30.9859867571213	54.9158811326094	795.083878243856
FABP7	5.58349299037431	26.4772685661608	403.707899880853
FADS3	47.2008936529254	1546.97792633933	304.526422503115
FAM102A	563.926648619151	2985.25387025972	508.629679138
FAM110B	801.396314378471	21.6613842362803	233.533896546723
FAM114A1	1044.40542053373	57.2777965524082	891.349908903941
FAM131A	131.088328152791	521.623958631122	310.137503630246
FAM162A	657.652566951512	176.787431345997	3947.36456872837
FAM189A2	88.7581605811788	37.8526271780137	877.292029251824
FAM214A	138.67298969859	1374.9313809413	467.75345129412
FAM49A	121.388906915504	2776.08313778399	762.160210197931
FAM83F	36.4204856502281	726.223071886196	119.955824028105
FAM83G	230.849421475229	882.441919042625	405.372102882427
FAR2	24.4780893297314	764.70187837434	221.337094692662
FARP1	2516.11552340337	23.4910548619197	214.911781862056
FBF1	99.1657057491801	56.2478519472375	589.394152292097
FBN2	1630.35139992698	133.126417094468	1435.77889667795
FBRS	683.377488019586	2388.49404417626	1850.33624084418
FBXO17	968.54640503232	22.6330770091987	759.171076793228
FBXO2	466.42028481404	8.52522467167763	63.0851599426375
FDX1	111.639662414797	735.863636449579	226.894962602793
FGD5	1281.22004706155	36.5786820959588	753.891211538053
FGD6	157.815046426528	589.391744862879	545.367343574999
FHDC1	163.560993882866	7592.28556229328	2867.42841334169
FHOD3	851.352257339395	5.21331879313699	10.4300521151951
FIBCD1	6.58737841830598	567.522160707415	13.046270049285
FIGNL2	949.968642449054	53.0194986573728	922.810156131852
FIP1L1	354.918964861987	1340.9297249051	1051.05336053424
FLNC	4195.8906650316	1377.63502226295	312.162353662913
FMN1	52.4425994062643	18.264809816426	668.817936689515
FN1	13340.9838160539	600.68808374292	4332.7609036483
FOXO1	791.101687779856	68.8336825228264	163.72153627835
FOXO3	1295.26662420958	96.1465054621749	1189.30078758543
FOXO6	135.855271089751	6682.67517668392	1376.57596749978
FRAS1	3195.50274275304	90.4108742110134	1783.16793032908
FST	3249.3007385281	210.06971110625	401.744127915385
FSTL3	169.030543778212	109.125157577332	1746.93940687446
FURIN	1667.48831555097	6151.52267556041	2593.93735942959
FYB1	565.221889978621	307.839830240939	3024.00041803539
FZD7	732.751422818511	64.1446409911131	115.655135323669
GAB2	928.156129837938	4011.63470453509	3569.31696998014
GABRE	42.9278084607638	143.871521237273	2031.07831684246
GABRP	12493.4861839896	243.093418877473	996.348477668643
GADD45B	80.6744593426016	641.037657680022	225.144567852634
GADD45G	784.882734002747	6405.57414747461	3667.88660764829
GALNT11	168.186136338049	37.8555534463557	740.195821570245
GALNT2	1203.15571117228	4926.18464224493	1449.42200157892
GAS2L3	85.7467732416247	776.397464920059	420.737966560426
GAS7	1050.16638599971	25.6301211596363	216.343290443292
GATA6	1222.83645371674	248.709150647406	659.614709255303
GBP2	3.31864286607754	26.646949426108	355.616755499556
GCM1	119.119853406236	2397.70098647508	2610.24775937963
GCNT1	172.399485576943	791.157478819941	452.699673644179
GDE1	522.607044529872	2030.05777208357	1195.33394031693
GDF15	509.029454055657	8909.42530633442	3949.87070790725
GDPD5	102.308550723151	832.122322583208	106.808742436208
GJA5	166.121095531671	187.332217240714	3625.62783048935
GLA	290.233704173362	1472.57075851465	860.788935160294
GLB1	6456.83339244126	542.035914280365	3911.48328343913
GLI3	1083.68569943073	168.447029053197	618.902681856158
GLIS3	118.240094071759	39.3217558268336	895.344468998966
GMPPB	226.871914124366	1453.15817515386	530.13712292769
GPC1	1454.04416860168	6325.89688546258	4306.98858883678
GPC6	424.907932911933	3.59578516346306	12.9759814046471
GPR146	15.8723799125176	29.6154258032104	295.918019899322
GPR32	13.9521050780198	574.650401003636	480.100311121817
GPRC5A	1115.03849532675	17.1438019293576	92.5953021068152
GPRC5C	669.638785017704	55.4560246969922	185.026387809924
GRAMD2B	119.953509455745	1397.83893465186	577.525132168227
GREM2	161.785872382556	1752.79920731163	1295.60504952173
GSE1	597.395141687513	4289.21692711333	6500.31852098902
GSK3B	594.284883038896	1729.58713359331	1031.42361053856
GSN	5119.82587727871	200.934953860536	1822.15458658363
GTSE1	223.239981426616	27.2559991503787	870.092420123925
GUCY1A1	961.020884854567	11.6570253144524	31.5960783713167
HAND1	10461.9019614116	164.386736195326	2407.39677322565
HAP1	48.4402652626714	1238.15909897037	140.732581315787
HAPLN1	1531.41583017518	82.7552675584938	744.948411906541
HCN4	477.808973994225	8.34917761528967	36.4537873212875
HDAC5	409.498747841408	2313.30158707416	2347.64344625508
HEBP1	1484.50739461402	50.702131729882	591.105394287474
HELLS	807.604493537371	141.730369140614	3965.02545670791
HERPUD1	1447.1049202299	4645.93047489116	2545.49060974251
HES1	73.4481129965002	629.663548253962	382.920225643379
HES2	11.2962264490314	892.935834127633	105.324449653789
HES4	99.7594520802266	23.7448794383369	402.957901014419
HEXIM1	926.543538845269	6365.28346147479	2701.82869351303
HEY1	3815.5488616873	396.948732803152	1946.09951434356
HIST1H1B	1097.70686292228	218.742268781339	10493.1276351783
HIST1H1C	2462.64407640746	466.632012673863	15382.4415174387
HIST1H1D	350.741686198651	70.6635806511673	2811.69118275247
HIST1H1E	741.155253303496	184.293695575671	5716.07969559814
HIST1H2AE	155.565877852235	20.8142500995522	840.241678203394
HIST1H2BH	434.125078112183	91.8085437884293	2220.12703152039
HIST1H4C	310.524267327963	57.519466283452	1324.04312991872
HIST1H4J	60.3873264638105	11.2254251114908	470.916839411586
HIST3H2A	283.451296575097	1443.41214884602	493.826368878569
HIST3H2BB	82.0374246813246	553.363377552713	157.054931211429
HJURP	223.904871526041	21.3308095264973	1251.98366399373
HK2	2612.88674285109	186.035430629122	1039.79019193906
HMGB2	1346.03615186999	110.947475720302	5721.90397762443
HMMR	348.392935106317	28.0324238674239	1172.77227359341
HMOX1	882.775546276649	9058.79728466812	1899.0900397968
HOPX	267.509856147552	10894.4921640636	1013.24938528969
HOXB2	492.124335450545	12.3961769058293	165.279807917344
HOXB3	452.461010443538	6.24160100742012	149.285973579657
HPCAL1	154.797973837414	3373.34128445478	1202.93168750769
HSD11B2	24.9827690187964	1206.70294117466	82.881051884054
HSD17B1	39.000147013471	1460.44927205408	137.261609532271
HSD3B1	9.99662983786485	430.678884891923	105.843389808354
HSPB1	2330.42488785546	48907.9790922875	14479.9308879454
HSPB8	850.337954802577	13304.9712425988	1651.49233646742
HTRA3	4299.07992740096	336.632445270847	2300.7339291595
HUNK	171.06439812726	97.3494076453531	869.948875118891
ID1	14884.2738980269	1062.18291407852	9694.83207392277
IER2	1850.15792491005	7070.24541010426	6444.22183815635
IER5	613.551480414103	407.248475203356	2238.41515327881
IFI6	15120.0487681378	1710.08620024462	8322.78047679873
IFRD1	680.575691370515	5681.89529334502	1115.83713789035
IGFBP2	25151.7173077152	3116.30036281529	7060.93127991384
IGFBP4	288.42404166292	97.147895428066	1734.40334541451
IGFBP5	25080.9561882912	193.115989885981	442.359871932071
IGFBP7	2581.16970937417	29.5313148250155	88.4565710443065
IGFBPL1	1698.76838178398	27.3981518863033	115.798446753082
IL36RN	31.0365004935859	1016.64321602849	221.990980136653
IL6	6.66975915024489	57.1426437361034	658.203568827885
INHBA	3869.94299514941	34.873565536784	124.624921464949
INTS2	287.639423807032	1664.82727140862	680.048625944314
IQGAP3	194.004187414956	16.1712711071156	658.832531095264
ISG15	2307.06818389748	265.619091325163	1734.28863388376
ISL1	524.345876444815	4.93962142140883	35.1743107435722
ISM2	179.268738806028	549.433647410705	10052.8472873468
ITGB4	957.532868076321	426.721529090986	3221.78406372537
ITGB5	4517.67647269891	184.332301250754	1236.483331377
ITGB6	1343.67773106899	11.2079544826488	52.5533798516067
ITGB8	1.63990764817035	4.80097191562007	140.751535496255
ITIH5	206.416707828723	61.9023064114096	1393.36683075185
ITM2C	5796.10336018413	779.958537640704	4968.26550729427
JUN	2016.41627496051	56.0617131612707	803.619046348914
KAZN	230.088380425628	1767.38199959047	520.261113989156
KCNK12	1359.1394010515	22.9741816760317	337.98761721725
KCNMA1	2589.58991512554	31.0868034490634	79.4436948111614
KCNN4	20.8341104357549	1103.03962660556	129.108482687563
KCNQ5	396.345738518911	6.44148700514191	17.4817263174566
KCTD1	810.028399190069	19.9324015398349	74.3378247507266
KCTD12	983.32009253014	105.565115443601	318.948926837469
KHK	20.4726307643594	1429.2120542858	114.470542809381
KIAA0040	78.06013139014	2060.38321582806	412.023719258171
KIF13A	412.055329863173	1129.69941464671	676.731566261726
KIF18B	117.440549993244	18.3003892179286	482.593003355969
KIF23	195.007169855905	26.8796486272511	811.606844340844
KIF26B	1809.75734625894	21.4652745440613	88.9221676125469
KIF2C	374.229817275213	76.8940574341037	1728.02408554523
KIFC3	151.295155279521	83.579478464713	877.118987693787
KLF10	189.497041938725	1020.67693146528	464.36195672512
KLF5	266.953697164075	141.514968258064	1288.00514186782
KMT2C	749.485770461865	2771.98022286089	2889.09753743666
KRBOX1	211.638813126879	110.9655755025	844.681776136746
KRT17	841.581969411737	25.0989154848114	73.3351422604207
KRT23	186.655816949417	8230.69502430686	1312.04444398766
KRT80	90.3840266815176	4778.01862927993	990.435705567837
KYNU	5.72518628066861	398.225940757926	16.5274675465961
LAYN	816.239639868348	23.1618268884719	649.603539236222
LBH	1146.53757991622	60.8576334617796	21.05863718774
LGALS16	37.2631275358185	1175.96272947964	69.2251764423857
LGALSL	189.636275805583	3647.08507723465	379.848922785055
LIMCH1	2799.39270703298	311.065701493327	174.001185610324
LINGO1	1403.57465638907	39.3037759934695	124.884084137511
LMO2	6.03289903253722	616.67535841164	62.2977415181214
LMOD1	34.0831430253601	25.3716002467103	274.032613896196
LOXL2	3287.86542056507	60.0873726978542	1104.93209445004
LRATD1	388.338632981416	347.261795531512	2647.32018590778
LRATD2	6716.31785930396	479.273264487962	574.367456057105
LRRN1	1348.92583037839	51.9960646031187	538.138948049209
LRRN4	1997.52889980779	31.9324584900474	123.103723323313
LUM	1288.63267591751	26.1067104303655	66.3913472421049
LY6K	1882.16879376155	56.4377448815659	299.552381952884
LYN	654.875867868537	2349.3174874471	1233.05016635723
LYPD3	83.0241341893665	2657.72797179207	267.412990207109
LYPD5	22.2637774926618	1099.35347838354	101.40420461098
LYPD6B	1025.28215448683	111.557072908067	181.732018160045
MAB21L3	17.4129009566052	13.3265270896999	195.182368918715
MACC1	49.5937099503085	26.5249544225502	1185.67766380365
MAFB	1305.31806845978	38.4571350610232	503.207697229825
MAFF	279.669785321294	2502.93450056712	1544.66719665246
MAFK	401.436865268524	4660.18447834249	1181.42055807213
MAGI1	131.562907463594	1309.21487924827	1033.05637260613
MAN1A1	643.673952272793	13.792053478438	137.69135043991
MAN1A2	274.938005660592	2996.50939325813	1282.05469052148
MANBA	3423.23459893395	142.59800411494	1061.15965480275
MAP7	637.880031908818	2913.76717347503	1399.35952318961
MAPK4	1236.33147662821	120.824829402442	769.260311419478
MAST4	77.2161229863939	668.178076641562	575.69087356968
MCF2L	35.4249731441502	29.0791231042522	237.038363412704
MCM10	67.9340062222444	29.9818620032197	380.154895935283
MED10	435.97436746468	1310.3008585996	1144.08351898897
MED12L	518.563640962407	1174.79445386507	6286.07738132764
MED13	218.257539396826	1735.2626255794	457.017669857904
MEIS1	1616.62463663534	26.1978149934558	188.499131829262
MEIS2	1025.41155431429	23.2393720852446	305.257298985423
METRNL	576.204826881111	3921.23588428819	2419.57592495302
MEX3D	837.237684839788	3811.22398395953	3006.81963884821
MFGE8	2095.92541602029	545.332749223239	584.061784364397
MFSD13A	57.0107798608095	956.873143929434	275.208130238202
MGAT4A	47.1644747648198	784.772698727806	678.816093576085
MICAL3	1301.69559665725	36.9245928195919	899.9504891608
MICALL2	65.3314027480088	1592.3373328882	128.161444907647
MIDN	1136.15266705457	7689.97014152784	1784.87076106961
MKI67	497.615549909183	74.3413648298905	2201.46171004237
MKNK2	618.39909126682	2626.7100489737	1501.58288727501
MLLT1	973.933739344915	4118.83767324096	4204.15550559086
MMP2	28819.1130211765	3917.24446034102	6401.98477573085
MRAP2	5.22204504087482	14.3298043352449	286.789385502135
MRC2	654.662150176493	10.2098729439546	39.3027918306093
MREG	45.6415008331455	564.440578724802	216.712222049143
MRGPRX1	110.63665663345	2982.23113154019	861.500715645528
MTUS2	1218.25541321691	13.8658031932665	34.3068300181341
MUC15	57.5414976153947	1832.23598580673	329.415667229281
MUC3A	534.155145517438	172.955162304372	4663.48116269113
MXD1	169.603854212222	2473.63837810495	854.126765585663
MXRA5	1189.97298677042	15.000533525604	44.9348569462909
MYL7	1264.82621400425	8.77555346874708	17.944538825713
MYLK	683.750153828239	23.8612646079768	172.104170928589
MYO10	455.533069302013	3306.68272625096	1067.5821898873
MYO18A	816.394415992426	200.728091107522	3196.92408856291
MYO1E	175.753193733006	114.752760362573	1079.69847180308
MYO6	791.005730531245	2328.12490884357	1596.54308415751
MYRF	735.507814725228	13.5294991233568	16.677533953765
NAALAD2	72.3322718971679	36.1311166506027	1218.32728642158
NATD1	297.181222930749	2125.19293962051	441.324552465476
NAV1	1067.92261153714	121.260087503095	997.118247659218
NCAPG	268.90819597432	36.6207607434738	1558.23528014198
NCOA3	778.593130912773	3925.29944905593	1420.60359810366
NCOA4	556.158570936131	2798.92192339585	3652.7314580127
NDC80	172.561854243992	19.9715256512375	806.71845137732
NDRG1	3747.76562453797	465.889942160551	2229.3705478849
NECTIN3	484.157985596302	5937.92632510919	1641.43028417709
NEDD4L	429.190113503423	1780.76873059014	1263.85311394868
NEIL1	131.351233374675	19.6922835490583	787.964958703337
NES	1339.12625046777	14.0695216253681	20.0499158353793
NEURL1	149.712249240369	5791.84806469501	2267.69342471356
NFKBIA	696.874520712434	2155.34556191673	2145.43857747247
NHSL1	121.334032757562	739.287537215548	354.671263686536
NIBAN2	526.587828838275	3097.77207088408	1297.34870322273
NID2	1586.62653390369	43.5040783368984	298.716396625218
NKD2	65.1190865304353	100.882359606588	843.700255844101
NNAT	2742.02362470893	22.9042767111221	380.380400790974
NOG	4353.12941387932	41.7883183597874	1233.67869968673
NOL4L	842.449859392134	34.3965310196695	290.174676971332
NOTCH1	263.106194888734	2195.53476833737	853.637050760562
NOTCH3	774.557369616722	549.663805261814	3565.54552484874
NPB	29.8248192103765	961.463988434306	125.435762076548
NR5A1	14.8173152915825	15.9308193003925	149.958103274539
NRBF2	318.737356201036	1211.10519395454	581.444483125637
NRK	90.0728561222123	44.954149720075	1916.30081391321
NRN1	11.1728565382773	2.68109963243196	248.225378948666
NRP2	88.3245041444089	56.8385992885745	1473.73388059155
NSF	199.012278362709	1361.24120421528	672.874135293085
NUAK2	131.693864774741	79.4533638305249	552.777638144482
NUCB2	328.034612908017	4035.37963748167	2133.8804603139
NUPR1	64.522752310736	5022.20883828362	1172.73319073209
NUS1	327.357197728874	1872.42318885104	1084.41771139807
NUSAP1	554.000539582941	85.6688034120975	3022.96069422477
ODF3B	1493.61402244668	24.9305494383197	880.358447478411
OLR1	4.22616527209172	19.5143018273694	202.101155225054
OPTN	1225.14840152407	340.821876000228	1013.62969205259
OR5AC2	73.3057979820242	10.208775223061	473.098415391056
OTUB2	35.3968640022181	1054.89320135951	109.696347702162
OVOL1	211.586715195145	3120.15322293381	2415.22769470355
OVOL2	724.935839393288	13.4961658475356	344.613775957149
P2RY11	104.02994381695	57.6790836483791	564.168171816852
P3H2	718.276888633669	104.690105560851	81.6929562817084
PACSIN2	1063.91771032204	2739.03413951125	1341.00387596112
PAGE4	54.2491084767102	762.027781948345	5942.01320312072
PAK3	43.9073033109536	301.516085282933	104.447090312917
PALLD	2393.44017360455	75.5352184699381	1304.2920965201
PALM2.AKAP2	1472.42303813023	153.704764369892	1118.59910679838
PAPPA2	6246.07038041178	149.085336240078	181.864128744263
PAQR8	3334.22380087708	40.5127439930978	505.603618754297
PBX1	1614.54178582938	140.170272843008	940.823784773916
PCSK5	1323.41945570972	288.261347687124	916.644085280112
PDGFRB	2384.5544850826	26.6455408782459	164.684665962484
PDIA3	1524.52405833547	4255.84742758902	3076.48958320552
PDLIM1	1043.30463376002	49.5327831068551	563.772338827867
PDLIM2	3797.01857702725	5790.53237787468	3048.26092952808
PDZRN3	2164.74026126571	19.2800283084943	44.977993113352
PEAR1	739.496843331143	6.22303189969811	24.1828242453699
PFKFB4	885.917137271853	180.562211307857	3235.13072441885
PGF	981.446277194811	35512.4825457369	10933.2193771803
PHKG2	578.598246611322	2873.61259091496	2112.88210349687
PHLDA2	203.908832926541	7610.77218640692	3421.07730430497
PHLDB2	303.034066198301	124.259493024356	1162.11196503991
PHLDB3	388.214048521757	2134.67864797532	792.716736256062
PHLPP1	234.236770623322	1187.91788486216	842.240045963169
PHOSPHO1	19.7074981596277	2211.43494059838	78.7830200388909
PHYHIPL	5.96634246808276	396.575106596523	22.5965459519182
PID1	25.5545010736526	1410.22918483476	180.301093512906
PIEZO2	441.399869791615	10.2951504877016	66.7369022467435
PIF1	128.76472197054	53.4490537222169	586.940009368396
PIK3C2A	731.812465512856	1913.26958246214	2353.93488537119
PIK3CB	112.353690007591	197.281519599285	1759.3612715852
PIM1	400.108201318389	139.501140564701	1805.17768405376
PIM3	602.858417064446	2459.20105925638	2090.12332919655
PJA1	916.615213695113	38.8911211626365	722.740897311681
PKD2	742.670264213594	37.0591979208456	640.371553928083
PKDCC	3032.00470600019	63.6168045612561	462.047252881181
PLCD3	269.967970987349	1785.89559636334	434.251907596758
PLCE1	55.043355466299	11.1865418287233	777.231226068373
PLCXD1	2269.81739367455	4858.94255725438	5392.4464364648
PLCXD3	792.052841029826	16.2987060278923	72.752859224053
PLEKHA2	116.127371918833	51.6618239334653	534.121854289173
PLEKHA5	730.168883978764	52.385668248593	400.338218698466
PLEKHF1	84.1325293452039	1914.42903177235	1292.20708485146
PLEKHG5	495.434335450266	10.667647037989	52.4696070865611
PLEKHO1	485.718421484289	14.3510583985733	179.045094450507
PLIN5	7.56718187935673	24.443479863694	197.24641024707
PLK1	447.875728249267	60.9665226675444	1510.4870291033
PLOD2	490.455040872429	73.0510975726444	1783.86956371042
PLPP3	521.486351045972	6220.86722234449	1120.59544459877
PLSCR5	1272.68286396617	17.4519941405499	46.8663658857238
PNCK	42.0790374600802	85.6720475188485	1141.20226898358
PODXL	1012.5472605839	18.9026867592128	35.3290302539228
POU2F3	32.0803317550187	398.575674758514	130.489104862901
PPFIA4	177.29198170088	9.94574458210562	807.256069752098
PPM1B	402.694541916864	4129.27349550257	890.148268369955
PPM1D	110.107506051315	1497.7539366834	348.314726208815
PPME1	451.645411138636	343.475123385771	3470.89707640164
PPP1CB	1863.06045795027	4278.47735723829	3956.98665239555
PRAG1	1130.53671449704	33.3528848938727	329.433695326966
PRC1	347.157613234534	111.496637409839	1841.99087137609
PREX1	7.61566270325254	236.253140215162	31.0979679904028
PRICKLE2	790.470056105843	128.631949647135	479.734228531175
PRKCZ	913.181444437539	5425.53285964521	2312.76830537576
PRKD1	707.479832606209	6.59303309576239	67.3017793558422
PROSER2	206.843688547498	104.356649405444	1446.40071724352
PRPS1	45.5821129927472	17.9605247890823	361.883855282647
PRR15	3862.36944766819	51.9684550853413	307.516936231497
PRR9	186.795256569404	14683.2720809467	448.17520917955
PRRT4	686.972314133209	26.3899954211071	382.039887002652
PRSS12	3562.25694061962	92.4045170514886	648.231236344204
PRSS23	3824.88851735487	578.267316009468	1201.73106570775
PRTG	4548.23086848052	105.853699638392	1274.25872439633
PSTPIP2	1633.14966235407	139.45865167221	1069.50190748573
PTDSS1	270.540127390422	862.836880429414	579.08940749569
PTH1R	497.875120726277	6.54889608426638	11.8361477051892
PTPRE	27.2147889022888	662.898637199907	469.399084469932
PTPRS	1058.71234019971	83.7952409200913	774.493119200651
PTPRU	313.120920484525	235.904162405513	3497.34221394965
PWWP2B	433.761449835709	2278.33946551464	2398.78975909463
QSOX1	440.823931932103	3011.67908163552	2792.69198103678
RAB11FIP4	1242.56739832272	3027.28491623248	4028.03768506327
RAB11FIP5	200.87669211854	1736.67102881379	1146.87040236587
RAB24	202.556090428065	1000.33629510673	773.753551260431
RAB32	1114.3520564002	45.409393129737	115.356325807364
RAB37	457.279182498604	1.55236838063008	8.58253635445185
RAB3IL1	32.0060385242923	844.991912088544	80.0796933700926
RAD54L	170.78483321573	67.6296722998493	935.057854379676
RAP2C	1841.35018131448	182.713166869818	1297.17708861779
RASAL2	270.002118576517	924.285467608262	1102.81036596768
RASL11B	30.2859681280048	88.1706056699891	920.126545471852
RBPMS2	124.307589113776	852.201885364616	222.186020250548
RESF1	621.116505451341	30.5157042957932	175.931675344609
RHOBTB1	353.624565407108	5866.02122272621	456.68365900381
RHOBTB3	2440.26322205563	124.24342336907	2541.54624069372
RIMS2	477.825956556053	7.30273286502123	50.6811057463015
RIPOR2	233.544216865473	1658.5655370138	315.952421403849
RMI2	171.431279273058	82.5437902645529	622.180181218495
RNF11	281.781634226066	857.111111392968	485.972900580539
RNF111	245.316599448216	959.592026438807	959.09333584474
ROR1	570.100205522926	18.2360291076994	151.719648114883
RYBP	1080.5850094147	3160.9556530799	2209.2160058636
RYR2	1377.98677909744	18.1570071092596	88.633657321993
S100A13	5059.89185657838	300.519852372309	2765.22580540616
S100A4	3895.99427284613	390.527541648195	312.483883680259
S100A6	13171.3188160591	1389.43394557924	654.596965666035
S100P	128.049422769924	5702.44214503491	1103.68021685699
SALL3	1112.81519585495	82.0870456658561	504.948110515249
SAPCD2	276.750895687754	120.102472836267	990.641750334771
SASH1	332.45861521182	198.867160943919	1309.81777606764
SAT1	3538.14204875244	2427.90288204111	22680.6115707184
SC5D	2172.92936544796	52.9481840258896	784.801983626678
SCUBE3	1086.25130876984	101.996638984571	459.048112644427
SDC1	227.588774760134	11048.3094085379	866.053634251996
SEMA5A	2108.85217980283	62.2417856430592	484.768485688888
SEMA7A	145.95063732337	3103.21666640206	827.210280315603
SERINC5	3090.71245330305	217.962133428217	721.448237601312
SERP1	2049.80351746773	5715.4179183781	4375.98359632906
SESN3	3679.87163628869	63.3794747224111	367.250720904809
SESTD1	82.2970369949784	985.972142720732	307.707670221057
SETBP1	770.278741565765	21.7912993539353	340.883260051972
SFMBT2	267.075934824862	48.4209827419517	1561.05056259976
SFRP1	4087.02456656832	95.6442420959336	711.852907512705
SFXN3	214.306291130053	45.2207246365246	891.995222210065
SGK1	387.550165369205	6199.22372866316	630.18304354483
SH2B2	865.117816877425	2211.68315480266	2284.09094468738
SIAH1	309.424709350542	3964.63105203466	989.215855050526
SIAH2	640.414426911836	2302.06848917111	1008.89445566906
SIN3B	1533.68324841833	5693.11573312841	7295.7687342548
SLC12A2	929.353936803919	65.2464333535262	182.35460661934
SLC13A4	101.14522850915	4136.29533035441	436.432753238464
SLC15A2	73.1222010618871	25.7589188053018	637.259961104292
SLC19A1	115.796960642058	4308.40049299907	618.931882225525
SLC1A6	114.187816822458	15.1260161306996	517.72892259842
SLC22A11	5.29649569213604	766.629362542227	55.7686206236123
SLC25A25	82.4459889774879	1269.3668566347	211.827471909042
SLC2A3	18154.5322229689	1701.95958261167	12519.7741879377
SLC35F2	1688.67453479484	89.6793359230771	799.511659084608
SLC36A1	1511.19343041116	64.7299205296806	659.25528616236
SLC38A3	36.1239849989344	1797.57897174877	87.4083956620054
SLC38A9	161.305850701969	1326.95692437205	1225.45505786225
SLC40A1	397.450060833371	4737.22474467571	1108.42236865108
SLC43A2	245.339303767016	5834.59537380836	1940.82823563431
SLC49A3	62.0573441266944	585.213562033544	383.687779316982
SLC49A4	121.625070546719	1108.08256581074	562.881428289366
SLC4A8	579.34753857831	7.1339370062256	157.337619668866
SLC52A3	12.0848400969791	606.928627511369	42.9324955050595
SLC7A6	365.067491845419	3188.89228130364	2187.59441641522
SLC7A8	1065.78777557247	10675.7391492942	2913.37446296072
SLC8A1	1021.51010557345	64.7990691435166	675.683660223656
SLC9A1	499.958445066375	3064.8567143797	1719.73407714822
SLC9A3R1	8479.97042531722	369.198836870416	1398.23077982151
SLCO2A1	1408.91082264597	15.2217802445395	183.97839096158
SLIT3	1754.614795651	11.6521897530009	22.4731230605948
SLTM	567.103107106598	4451.50033878913	1530.71960444693
SMAD3	1803.17672403398	111.088133271147	310.615067021105
SMOX	85.9532403790874	1058.50275887546	232.267655760558
SMPDL3B	23.6284038298602	685.559399889792	415.404699684088
SMTNL2	2762.20420696143	66.2910557316089	1623.31395292532
SNAI2	717.249434008431	5.15900788404235	19.4621825218801
SNX27	270.498280694974	1175.36777811468	955.328585425416
SOCS1	267.712655735574	4111.75570841224	635.985050553826
SORL1	1930.24036446432	76.2610530322547	816.599281032221
SOX4	5204.72156547961	958.191394635804	3352.02600457712
SOX5	590.426136302252	7.47891976777591	80.491824736909
SOX7	2565.00489084313	77.8588205902412	119.812936227017
SP6	202.532579744797	3115.62093858416	1969.5070005842
SPAG9	425.300645640874	2380.1682066972	1906.83497488972
SPATA13	19.5844770169327	412.694568589169	227.852284294616
SPIRE2	178.072245622469	3065.25395620293	2918.21875716436
SPNS2	3962.44626334242	427.841154185319	1118.84361367106
SQSTM1	1207.94723644634	8188.93612841528	6660.97389213057
SRI	3936.73023791718	173.297166303089	1929.74630376429
SRPRA	617.125846174735	2150.37298117153	1197.62507038363
SRXN1	50.203817653777	788.051550986531	203.377505413863
ST3GAL1	1668.80632513651	670.15152074969	740.173261693259
STBD1	174.914728120705	23.7020518796804	665.187412667264
STC2	3778.91194881809	288.442069528703	3247.32273656288
STK40	429.374246006458	2677.86432390083	948.426154882362
STOM	2403.90611503752	33.0657486853071	330.565032876344
STON2	1283.08189302873	80.086264921849	1092.66333814809
STPG3	17.6631050067546	10.199954530991	163.318681277497
STX5	1030.74524936978	1938.97415040611	1483.64765772247
SULF2	1148.89567275683	28.9440447785073	76.5028478805706
SV2A	1010.66242816008	27.8570714814236	155.196818576508
SYNE1	82.2348340225638	38.071112545612	1175.63299891064
SYNE3	1290.74199192588	27.4204819230462	333.183232592784
SYNPO	138.879878970891	359.383454920194	2247.03723118408
TACC3	398.035641533668	47.5514418839814	1402.74029462598
TAF13	233.199935347467	1115.53902857344	439.246013741731
TANC2	4283.2182995849	216.523307040921	3375.26617851337
TBC1D10A	473.568219682756	1176.45433865608	1488.47014620827
TBC1D20	500.399619631661	1151.58718136279	961.232445500686
TBX3	3002.5642671229	6678.07699145071	4940.30370501391
TCEA3	22.7498704554765	24.1813377781257	792.738604416843
TCF4	449.23455843362	5.02325713057787	35.1346013832293
TCIM	977.333057877684	11.6880781489826	12.0105609715199
TCP11L2	150.541122986789	889.502086574258	347.40266897412
TEAD3	1064.10584095509	2898.02877777604	3499.71895940543
TENM4	1567.83036887567	46.8355903546367	465.77449003827
TENT5A	343.387080681778	5772.73410340393	3061.97072474655
TFAP2C	837.858245082021	4617.45496295667	1784.31613806779
TGFBI	21289.4522074083	138.234519808952	424.484911846472
TGFBR1	669.36210066655	16.1005290901648	192.15154342768
TGFBR2	274.419048417225	3024.55238104372	985.154169282016
THY1	509.239143272584	2.638377773133	4.24815925957928
TICRR	115.769737943969	134.999901661681	868.463268323704
TINCR	141.401387981541	1642.8256631596	864.425572137882
TLE4	1331.8213777889	87.6618586684438	575.507515187938
TLE5	341.357991111805	1131.02438693491	1462.30706833382
TLN2	4556.76912835322	56.2329377722103	309.653954661548
TMCC3	843.183572475099	120.813836534579	419.173048630675
TMEM178B	550.59765008662	23.5286543164788	37.2162369303184
TMEM40	41.7787683177969	1040.99762424999	378.516921578238
TMEM51	568.430454780312	32.0290882996652	81.6562678559179
TMEM63A	397.910996452572	157.176034960363	1715.7724407475
TMOD1	3.77618615486413	496.164939759856	28.6266832501704
TMPRSS2	14.3176787667809	587.896444006979	183.522152034311
TMTC2	745.644900067153	45.4923082861629	537.164776389784
TNC	2885.14595145341	38.7935841455444	119.712507148535
TNFAIP2	72.7440232022802	2775.46878050148	285.314899931761
TNFRSF19	1975.67656466175	31.0212494248897	152.116706465831
TNFRSF1B	299.39520925969	15767.1927158249	1002.37315571165
TNFSF10	75.1910572813504	41.9731423044323	1977.06746043942
TNNT3	18.8165639086651	23.9704243080721	929.914394234266
TOP2A	668.835998631065	97.0447519501323	3021.44526096808
TP63	9.01557420519308	8.85969653857321	650.734328516859
TPX2	730.164984904602	100.91000641844	2734.90300246053
TRIL	1354.58726148708	11.1362616602111	52.0294680595581
TRIM14	226.794312435983	25.3311420692258	934.500057607367
TRIM38	183.567059621222	63.7377631813802	1314.95147253526
TRIML2	1367.90589755121	51.4070481245332	327.033489753964
TRMT9B	493.322967172767	9.54108278895664	89.6788469496265
TROAP	312.700862769707	25.1091737004533	972.795145961157
TRPV2	58.8392529759308	3149.03443263621	177.697910169195
TSC22D3	19.6504556007513	9.97277976933437	233.45077775157
TSPAN15	3014.20504907805	542.699143857796	1912.75943592828
TSPAN9	371.374589517069	1496.33927710039	701.34967534941
TTC7B	284.758760013858	1547.46279308986	1736.9876657684
TTN	2.90851115128844	27.2382319408139	460.69248764111
TUBB2A	983.122580410823	39.021466856959	199.28629085181
TUBB2B	4063.5460933098	72.8011760137785	643.408312116062
TUBB6	1433.86741131297	51.2063460757824	556.729178580697
TUT7	919.455167779716	2022.05965668969	2619.11818391004
TWIST2	30.3990741210345	951.77067385169	103.993316249386
TYMP	1015.51085680773	18.4751584539606	487.016259726519
TYRO3	1206.13501883405	5412.70045197737	3591.89313024431
UAP1L1	176.406313940334	82.2150741800129	740.390767772539
UBALD2	313.717312665031	2769.60878207245	1236.59142104793
UBAP1	441.400542966283	1375.74863740552	1192.87158904189
UBASH3B	2143.81996334351	111.51439387553	1150.55140914715
UBE2C	614.916421693155	92.1453137882774	2650.38372181485
UBIAD1	97.0898038989993	645.385207848897	314.43064414486
UBL3	1378.52886567185	62.9280423644209	416.611351816633
UHRF1	79.9577805001093	28.3981825617647	612.835231293592
UNC5B	958.296951702521	91.3490138762492	333.092034987618
UNC5C	913.533584639721	13.9468667531005	83.4972320560712
UPP1	3337.62587556066	286.075798568508	1579.6418348619
VASP	1360.44919420077	4150.76867897765	2981.23293532129
VGLL1	512.885172457437	736.733444791173	4327.46107197943
VIM	6911.46968936005	45.9926094820751	136.268164250648
VSIR	36.6412868210254	854.493516950998	309.685771442853
VTCN1	7102.3292915064	164.604731864283	1904.13653311361
WASF1	928.803710604382	15.2726372390868	291.937716430708
WDR26	877.407093008935	2146.12434922787	2223.05656164374
WEE1	354.816023014523	522.660255152195	2900.45826411841
WFDC2	1779.30223925879	211.071637243411	1553.2266889297
WFIKKN1	1157.00445180666	51.9650015072	155.589124637354
WIPF1	1393.95915826014	15.1892558168724	36.5329204864697
WNK2	21.5043862582504	2020.43707480192	282.033594346972
WNT7A	18.4711674790059	44.5328760475187	666.711891722536
WWC1	213.640063160582	1994.90917924381	882.544042197789
XBP1	1090.07677148463	3668.89656698194	2253.8300801494
XYLT1	77.7931999291227	46.2020306679511	1035.27307222141
YY1AP1	326.616958366891	1346.21664064274	998.753036323421
ZBTB7B	289.809820085488	1224.61120237845	1133.89725695874
ZCCHC8	231.387539350367	1091.16767878067	710.476093158147
ZFAND2A	106.754989592949	472.25283462947	241.878978113792
ZHX2	460.412193609472	10.2370159519151	82.7070265769632
ZMIZ1	1502.96564401272	138.555116896984	355.422874676894
ZNF114	97.7124094081251	1348.02573879276	672.103518307567
ZNF175	656.201041741737	96.8725913084255	3353.98265872242
ZNF318	694.347548179347	15.1338180980893	306.432864769861
ZNF331	448.483617104638	464.756235010038	3893.82007466004
ZNF488	36.0965852845863	2108.38077746887	227.525961441872
ZNF608	847.255277375685	23.586131203491	581.125011461159
ZNF670	169.381146020643	40.9293799708751	1024.53878375187
ZNF775	799.037208603422	20.0753837048402	385.554861777923
ZYX	1274.61258624105	155.034929894255	980.933753819349
