NAME	EXM	Prim	CTB
A4GALT	39.9401320619645	102.271086920989	1485.88353143784
ABCA2	457.185737187042	65.2388581996846	1678.89105903321
ABHD5	76.5859418636417	639.939766287681	163.755127994703
ABTB2	78.3346056379117	4332.97414978828	211.180383822041
AC091057.6	69.370829171456	14.1933692066074	560.57826154744
ACHE	297.606898244638	90.6996874936841	1000.37646062111
ACKR2	493.027366517038	508.390978277183	4044.08252804271
ACOXL	17.3542176619065	31.8196593821687	258.893572400137
ACTC1	13612.6057165449	188.814049723221	829.810007237956
ADAM28	104.519403953921	14.5769226908134	489.871591998746
ADAMTS16	146.886765222436	34.0616895231987	617.78559951873
ADAMTS18	584.380611424845	6.88424713958577	32.9368618188045
ADAMTS2	1314.80571539484	48.8835174397342	58.566361230815
ADCY5	12.8160353419442	353.862378237851	17.7202334692775
ADGRB2	887.956776191102	7.44625517590871	73.86626374234
ADM2	35.4165058672746	450.400128046204	72.0860638655118
AFAP1L2	900.575954634739	15.4803364365077	205.632067607836
ALOX5	43.6765524116952	23.3778908118895	426.237158227849
AMER2	19.4965921464248	25.4739480369148	226.086636631548
ANGPT4	8.78786918495018	666.765037026458	127.269641323084
ANGPTL4	650.36135764729	281.9895244607	3462.12326187114
ANLN	578.534488670348	99.8559243727224	1752.74330161869
ANXA1	3227.70846011682	27068.8249735267	3459.9733262247
APELA	12.7760862746542	323.582594145838	154.018889227272
APOBEC3C	851.966186020482	33.7447676028881	352.926815780635
APOBEC3F	456.508483621465	11.4063385010364	235.569885374785
APOL6	15.487946249072	8.53157738301005	237.050255226928
AQP1	4020.18493088882	18.4754707178926	83.2336518379812
ARHGAP29	3768.87090938812	117.289232355758	3513.05100012309
ARHGAP31	366.983273344204	4.31752740751242	35.0371400369314
ART5	37.1763092356558	24.2816052424029	225.674706373741
ASAP3	123.145174493343	64.2567708505093	596.629532496971
ASCL2	29.9135472062585	24.3581517384009	1638.53032377505
ASPM	150.482737561858	17.1582741507727	706.176828840932
ATF7IP2	204.301655046425	30.3431850467582	1148.70004169625
ATG9B	11.5558721079413	419.303123991204	42.1937933634092
ATP10D	150.725318479919	1766.45923026177	753.171351170484
ATP2B1	2058.56810431552	140.36706296765	376.097567183175
ATXN1	942.776294385729	45.1172898190876	238.090285938812
AURKB	489.137439749103	81.8593421919774	1996.21682021717
AVPI1	142.568376782281	1896.7517559762	657.786828883149
AXL	1755.75225415121	27.7312464329081	456.576587811447
B4GALNT3	25.7381863248866	283.40428763338	149.959251861166
BACE1	944.862413565992	15.8034132608586	163.566886167895
BAMBI	5564.16777415618	109.752557882081	501.3755106259
BCAM	1949.18398882526	710.3540957084	8549.87518560372
BCL6	460.019543472608	269.857875161613	1601.54003843031
BGN	87.9138016293435	3497.8342927578	238.921455440751
BHLHE41	74.0654570747707	37.0704434977188	381.64120071763
BLVRB	741.041408877316	264.670430594407	3145.65810941347
BNC1	484.90820453095	13.7566774813642	80.2046800297042
BUB1	353.666590884588	44.5419647412008	1330.94823666382
C10orf95	17.1786239126986	702.988748187962	86.1195003958912
C2orf72	112.809093758461	2203.81277039932	2170.13549044359
C4orf47	28.4264352743536	8.49619409409833	518.046729726981
C6orf132	74.6651964206391	69.5192800043994	351.850004502194
CA12	96.4313677551735	54.0048354657527	1173.76402222951
CA3	4209.65800694872	36.8046670329894	358.756906918056
CACNG4	1127.7103210096	18.0299167119341	74.574797101177
CADM1	1285.84525571679	22.3103596093698	78.7934816360195
CAMK1G	748.469081238808	24.9120515058736	59.2814354340588
CAPN2	4433.12710347941	113.481666554303	1070.81316599412
CASZ1	12.4873651235746	347.205921336741	18.6242226636167
CAV1	98.7112889819883	170.767130562061	4286.30520338417
CAVIN1	127.570911044607	63.0946105297214	480.064111852456
CBLC	75.1734647623358	81.1004193389941	1211.43655344163
CCDC141	3.97585654435646	27.068859869214	420.07961928803
CCND2	2469.89712283198	46.830219116735	319.932412213038
CCNF	223.975534395086	112.521348738291	815.305627467116
CCR7	195.058355911566	5785.73933770098	1878.29185606756
CCSER1	226.794564602243	178.430899181723	1310.4821367494
CD274	17.4203978526812	1384.5878445092	357.527572090328
CD300A	2151.16221793469	24.6208432423608	317.54374241989
CD55	133.304297998529	2208.53125311378	1792.91327177234
CD82	856.048941669206	16.0308151513755	67.7078619503365
CDC6	115.215080255859	1088.96471970044	577.739854608375
CDCA2	157.526260410596	30.6974009323452	658.984634464037
CDCA3	112.481829658971	63.5111575829827	718.804393494293
CDCA8	288.564633066437	41.103507878586	929.678295932198
CDH10	2755.66621385811	39.7387108441231	1304.28190028317
CDH3	4303.99314858679	62.3672720663354	304.0654448545
CDH5	95.1567313428324	5251.33959543479	610.979463931333
CDK1	342.10242333452	56.0201593619882	1608.84547484614
CDO1	333.481781876949	47.156279479989	1320.39051328438
CEBPD	509.174165212124	699.318076948348	5697.1739838067
CELSR1	3319.75469957582	77.0986747076726	3021.25397775936
CENPE	138.21124559642	36.4205281193548	1028.33198388404
CENPF	325.555068804757	45.9635031561745	1434.83326175285
CHST11	899.101027774673	105.942754295328	114.040141258719
CIT	302.642647339425	29.9239249798883	1338.3181383472
CITED4	36.7098503499497	49.0506746201045	220.445026517071
CLDN1	11.529630225087	1162.62432867264	158.15878622955
CLDN3	173.166502269146	237.303141531351	1803.53685587271
CLEC1A	23.6787662884185	910.979620374505	644.865457182424
CMTM7	821.943313545253	38.7080231599682	306.862270442809
CMYA5	111.895249838057	21.914779237638	522.92265309167
COL11A2	744.888380481894	29.9457505963396	110.639048866471
COL12A1	1183.27949166041	21.9463715495677	58.6751140213582
COL16A1	1710.20374294487	28.0864736412653	113.632224422647
COL18A1	19100.05884878	400.824911703281	2957.69870637218
COL1A1	12344.8499952355	264.65400119347	1384.41358750595
COL1A2	9229.42720397697	435.608436558159	2883.26997035981
COL3A1	5848.80911509512	39.9432068949372	45.7542894926238
COL5A2	2376.73481134825	146.193210479565	354.727064849616
COL6A3	2883.50426593264	49.2349178218431	348.365791067069
COL6A6	2001.65364479584	32.8023642313675	201.968349416079
CPE	5290.76131819712	75.1428175504123	180.44780411547
CPM	97.6879097234064	2936.43690791655	267.539661929282
CRABP2	1267.02856947279	57.9886094895702	262.044161045816
CRIP2	13.8304493401533	1170.30443555836	96.8161350330855
CTHRC1	2841.99153167413	20.2575719535025	97.2237520609081
CXADR	482.692028824763	29.7382881685629	148.759902911133
CYBRD1	37.136348856083	9.21452786495265	258.240381190292
CYP11A1	170.570953691458	3036.08804723664	1502.21211073841
CYP19A1	31.8769166023354	1315.04185790048	45.5103650410057
CYP1A1	202.753315953316	56.4413126453468	2147.92698266707
CYTH3	95.7967148226535	754.396745554927	196.802992153878
CYYR1	37.5962118554851	532.71563614537	131.765233735218
DACT1	2476.05465012331	33.0993761124783	68.637750851107
DCAF12	369.050079260961	2202.29736210771	698.74698579312
DEF6	240.317009181587	73.0077421786449	1496.14403925746
DENND2A	537.704826350227	90.6865614754242	2662.42635851833
DENND3	45.8204721785831	14.5425834065555	371.858807551211
DEPP1	681.721364754025	6921.24503498771	835.846091175097
DIAPH3	219.239245846925	47.1204255895424	772.471635605248
DKK3	687.144052378526	27.9523573451563	106.260758543296
DLC1	2075.05334646425	59.4666635646187	915.361296782578
DLGAP5	263.319635761235	24.4940060115196	815.113696081033
DLK2	608.580060700384	4.69311332476888	43.1400169992079
DLL1	272.296356282821	49.6392748010454	1021.66617830304
DLX2	1225.45827897885	12.524548428989	386.421818077779
DLX4	67.590839788685	162.135703225106	982.695478315199
DNAJB9	225.419418815883	1435.88366678949	469.838836202987
DNMT3B	591.168950121776	407.048391245533	3154.00939506005
DOCK5	85.4771029146789	115.498724807107	3082.68406476354
DOK4	8934.20046781746	265.110595874328	4448.07786684299
DPP7	772.27092659548	130.140658185925	2823.50481421356
DPPA3	2.54884855943881	11.2214676945529	260.056468123697
DPYSL3	2815.1730074044	23.554511397984	54.4459246488113
DSC3	23.829476775491	18.7673699938173	274.073429114054
DTL	85.4603774762282	22.2476343104789	590.723678682645
DYSF	101.693539220612	3208.57488160432	325.226573587594
E2F2	9.32966286136844	12.4279026810723	202.49891366816
EDIL3	465.554847179158	6.36281672779083	20.1616108875005
EDNRA	591.891081790706	5.82047435115659	16.2628510161645
EEPD1	57.5995299915922	2014.05076673462	89.6776032389265
EGR1	1442.85296545006	216.259611267129	4990.53288033137
EHD1	505.883059768716	3476.81756148311	843.505721412151
EHD2	587.549581962405	16.2138586538416	298.950081623801
EIF2B2	184.146302401245	1807.99960584054	340.712384776661
ELF5	6.77553249678264	36.4372169599808	568.687465495191
EMILIN2	4008.45772687044	162.682154954378	1906.24519488237
EMP3	440.418576011425	8.60201255109739	125.55822303755
ENGASE	84.6745261095526	1386.46533896472	251.98100870182
ENPEP	4378.52685326549	174.866385678536	1264.65566099466
ENTPD2	39.221692252106	17.6337158102074	222.919000183662
EPB41L3	845.458138373835	4040.32283260978	981.523937976074
EPHB6	439.782742437964	4.78182726477118	13.7155054503117
EPO	244.111312209642	69.9702146933053	1501.88873006902
EPSTI1	855.917610549075	20.2481825009935	170.709252028925
ERVFRD.1	40.3131100429943	964.058001670425	119.736654313104
ERVMER34.1	43.6303528349179	128.892511184195	1437.70602944002
ERVV.1	194.304730648982	9148.48294592898	810.320032084324
ERVV.2	410.416837764748	11525.1999411692	1254.7933043366
ESPL1	204.239402370557	49.1116237932591	999.324768061897
ESRRG	57.7547995113919	1256.84982047774	605.704062916149
ETV4	22.7240421483112	1119.86340407851	54.0668508412423
EVL	584.303777021626	211.155401871666	2673.08245779834
EYA1	723.20004411133	15.3131698259684	238.396236335541
FABP5	31.4937317448485	53.4951409673936	642.03733167224
FABP7	6.12165495846004	24.6967593227977	294.664311267249
FADS3	46.7396517187591	1525.11465495564	305.466034432179
FAM102A	556.02072414162	2929.33750082766	443.661481093911
FAM110B	801.935876239503	19.8434380529171	210.832767375559
FAM162A	643.072207624495	172.509638261811	3726.78082468878
FAM189A2	89.4204955055315	40.7871195979446	647.4335334276
FAM214A	138.429727125795	1406.00462386054	456.044226433785
FAM49A	122.147650706137	2757.17683133101	745.163787884908
FAM83F	36.9894615565193	731.85973983964	107.810602256729
FAR2	26.4088858472578	809.079410245419	200.633480196599
FARP1	2481.79163974473	23.1404077861086	198.085837103468
FBF1	98.3117229439188	69.4035738382676	548.265629243753
FBXO17	944.766127685329	21.9004497309931	724.273200616675
FBXO2	457.893490754994	7.73283110248825	65.7673477881374
FDX1	111.846325527907	781.333525170855	190.601763672143
FGD5	1251.90693702033	34.7590837443477	873.618790174202
FHDC1	168.768359547723	8305.98547901643	3047.36341538593
FHOD3	846.284733911377	7.1929839046967	9.99638330816084
FIBCD1	7.61493773983764	721.673171119897	13.1102985517551
FMN1	51.1827549755157	17.8293372871883	702.680476876392
FN1	13004.4254788266	576.429151344608	4717.11227072189
FOXO1	784.419028999743	70.0696191942328	159.621036547338
FOXO6	133.51325840301	6475.53282392774	1374.09531869547
FRAS1	3155.53630376849	87.3938061497444	1831.25099242211
FST	3269.29404668342	205.790311359715	396.414126280209
FSTL3	166.192116068911	131.106741480647	2072.69761897581
FYB1	557.30764110999	304.65824056673	2596.32868917872
FZD7	717.356570836661	69.9784822347433	124.309626024702
GABRE	42.1450977877929	154.138272101289	2029.70991400287
GABRP	12579.4674023831	250.712623808588	956.182919796115
GADD45B	79.2597685701564	649.220316456043	200.942604671644
GALNT11	166.985660068102	43.0641992992157	611.991282394027
GAS2L3	83.4609890819738	806.315395788347	458.685032913974
GAS7	1041.9630189967	24.0610204906711	197.194163967764
GBP2	3.18754430937274	27.6690204847785	316.229774098794
GCM1	121.428947386906	2374.85505150897	2438.96841616717
GDF15	504.704312087633	8410.59781605093	4619.84592652659
GDPD5	100.2337477368	873.681133736677	105.525843037097
GJA5	171.012625107331	183.027302255919	2564.17097188287
GLIS3	117.356724641021	41.4379138400255	802.439091673998
GMPPB	229.984126289435	1437.88098184634	487.4574854095
GPC6	421.085059609716	3.31385431970822	12.1613331931739
GPR146	15.2962208681477	28.1988079509809	336.97001135673
GPR32	15.4686293294394	615.685118601778	513.361564393333
GPRC5A	1092.11452714128	16.354445140282	84.2096948358958
GRAMD2B	118.009956653142	1442.30483126273	552.63971305316
GSN	5028.43640033713	191.858385394686	1898.95728958263
GTSE1	222.439070946631	29.8755012929311	815.291113919198
GUCY1A1	950.871274431529	12.0042621508609	31.0809900700592
GUCY1A2	124.922009282692	16.1132265027298	352.657622083529
HAND1	10329.1949005907	159.525800929226	2259.12380002578
HAP1	46.6317237663431	1196.64830153646	156.190015879874
HCN4	468.735198020562	8.22581932992477	41.053027770991
HEBP1	1460.64591144534	49.7546405606552	569.529140652905
HELLS	822.063924626632	163.43210663181	3854.22392368663
HES2	11.0983306533611	889.72470548668	118.304286690841
HES4	100.093173616164	23.9867656037488	393.933397000785
HEXIM1	917.572585313696	6793.4466314061	2639.77589489531
HIST1H1B	1117.33690474897	208.456446212685	10134.6968610169
HIST1H1C	2464.17755263417	453.337131271916	15260.0336130838
HIST1H1D	352.193089923445	69.177683645448	2776.36965338679
HIST1H1E	745.95598888157	186.783151540945	5668.69249018206
HIST1H2AE	156.347373129054	20.2350090286942	869.810094262303
HIST1H2BH	439.745799793984	92.1042512645461	2205.64076277403
HIST1H4C	311.050076254592	56.6904647115002	1318.10621676686
HIST1H4J	59.4222895571294	11.0881380627855	490.576731498383
HIST3H2BB	80.6347119844691	593.839025420053	154.499045371837
HJURP	229.247506108397	25.1674897461005	1309.83482473978
HMGB2	1330.7442857384	115.257765446929	5788.49322961292
HMGB3	481.519008335714	671.369094071779	3786.72228166796
HMMR	343.565398497198	28.7796102126931	1130.16043086521
HMOX1	871.974547049434	8631.932626489	1743.98195744716
HOPX	271.756105720495	10563.6247023723	957.740157687659
HOXB2	485.161466927477	12.3536265755694	168.960134300478
HOXB3	446.058754497042	5.75107317584992	145.991768304682
HPCAL1	156.058605760027	3340.61431492905	1176.59960072554
HSD11B2	24.5562976212014	1174.61526483694	71.9062400902804
HSD17B1	38.0750351326993	1472.57649813429	121.898657984392
HSD3B1	11.763904903966	423.472445749145	68.2511732924934
HSPB1	2337.22970794759	47339.1097661805	14112.1416688814
HSPB8	858.054344497885	13003.7107737128	1706.52005318566
HUNK	167.78145801302	94.2902492494464	687.008956596861
IER5	600.932106604565	421.264166439376	2319.30926423436
IFRD1	667.146067511494	5610.84912608767	1106.09058872176
IGFBP4	283.121845747603	96.9495728635114	1737.90376194208
IGFBP5	25028.7022145911	183.686166416046	478.513819692308
IGFBP7	2562.44873486944	27.0505029156365	89.9169399660733
IGFBPL1	1690.94755724935	25.2079479122523	113.412768211144
IL36RN	29.9700153001913	967.509482613634	198.25442462737
IL6	6.98518498767195	53.4124025588799	635.970316428048
INHBA	3840.01891773463	33.1009031842203	143.391523147854
INTS2	286.736169674891	1851.17193090435	645.956812547557
IQGAP3	189.798505208728	14.8513457541483	695.183615502362
ISL1	508.989986004013	4.54083054863362	41.947840102797
ISM2	175.111018085994	514.868930499257	10565.1816723167
ITGB4	939.299749235865	405.919155262256	3116.17570364657
ITGB5	4495.10482608497	181.593372721122	1099.27851351668
ITGB6	1340.46721856397	10.7771886255443	55.3572241675838
ITIH5	200.845932066777	59.163562388421	1527.80064628477
JUN	2034.74286881453	57.5767789310972	734.561682837044
KAZN	232.355370651156	1775.78602736574	525.91513012981
KCNK12	1332.89303066958	22.7836339829554	356.580733254374
KCNMA1	2574.4385523762	36.8304762926114	81.7827921005593
KCNN4	21.9017747703513	1206.41415180967	121.676152054369
KCNQ5	396.446469558886	5.90626127913342	17.1876258906004
KCTD1	796.006203870833	22.6791561091455	79.8941454415672
KHK	19.8915361544569	1477.08459520298	99.4336256211604
KIAA0040	78.9327494724129	2069.30560569784	342.402909786584
KIF14	123.490990873096	104.006666567649	536.159852842836
KIF18B	121.041671618848	23.2222018420563	428.76869913908
KIF23	196.715776748367	29.2255878475767	814.593068795867
KIF26B	1781.70233756904	21.4737345997027	86.2353401973549
KIF2C	370.29223501389	79.9304610703615	1869.7299135938
KIFC3	150.640586233048	94.8379937421713	734.381596770664
KLF5	265.215561885834	142.723036878072	1135.00937505268
KRBOX1	206.601849052285	147.260420614569	961.212664575521
KRT17	839.404824676435	25.3498989188021	72.8277947956643
KRT23	191.548922714384	8035.95995201605	1376.74839346957
KRT80	94.130775232561	4613.84949063622	900.453381723761
KYNU	5.72259236737279	423.179800317795	15.49414366948
LAMA1	3206.68403293076	884.351696735848	11062.5237311106
LAYN	807.566033254857	21.2835881954289	617.910428767486
LBH	1160.06259753576	57.3411632576048	26.1749163524947
LGALS16	37.9275775220206	1128.73218434293	65.3699841659054
LGALSL	190.868982209784	3488.7559750473	360.323419121046
LIMCH1	2751.66295151631	323.901738587247	169.629310056184
LINGO1	1387.06369268371	36.1730022971806	131.205778584145
LMO2	6.40369572259986	611.619817409296	57.7479540860698
LMOD1	34.393222322701	24.2134979341343	232.560003844302
LOXL2	3229.01834575276	56.362821819045	1104.40555821031
LRATD1	375.955975125579	341.436480883909	2498.10198497855
LRATD2	6711.02502015165	462.023252822992	537.383032386609
LRRN1	1363.6739886611	51.4830484652658	443.219657547723
LRRN4	1980.01414941452	32.5696512025131	103.530410061339
LUM	1309.36172496044	30.2266003787949	59.9573139246541
LY6K	1862.16091117053	52.8202360682314	357.650291369281
LYPD3	82.8934755281368	2539.3317523962	275.032997065687
LYPD5	22.6544751003085	1057.70702328505	97.2094329512408
LYPD6B	1042.23358234013	108.229229313133	195.56559997615
MAB21L3	16.7445706547575	13.3361694759443	219.996243604502
MACC1	50.2431624474331	25.3649145630421	1151.4556478845
MAFB	1273.71864076743	36.4668538489178	563.980812591142
MAFK	396.555135285678	5052.95677038868	1192.6962431782
MAN1A1	638.195537879588	12.7395962648522	127.305412945685
MAN1A2	282.62717004682	3092.94444886324	1211.07982019685
MANBA	3398.98182100013	154.245684894769	1033.62294349629
MCF2L	35.4675015782751	47.6187335507338	236.405953261517
MCM10	69.9172488192017	29.5985310001452	361.936812648723
MED12L	513.406504137411	1184.61424344973	6097.64089132644
MED13	221.253982391634	1764.22165650735	424.048842423166
MEIS1	1617.75040858467	24.9747531846629	185.406157295813
MEIS2	1018.69555326897	22.5643305672561	316.21936642956
MFSD13A	57.4838469156787	948.290686835012	273.193587089095
MGAT4A	47.9092607051133	804.872646746067	648.996739931816
MICALL2	65.1647860800358	1935.07140798666	127.446431282527
MIDN	1125.06508070328	7660.40009842211	1669.86600365794
MKI67	492.154772487578	82.8222562716999	2066.83505236809
MRAP2	5.01595875815585	13.4588064060664	305.574698502823
MRC2	639.789712743289	13.6328576777524	40.0683344916953
MREG	47.8498697132238	566.233109996617	190.624837367206
MRGPRX1	110.820686104763	2808.72031046862	895.129098166725
MTUS2	1217.88858000018	12.7831368135167	20.2505767652276
MUC15	59.7118178368131	1761.88963063397	315.07171655904
MUC3A	539.135638386526	166.558575465536	4258.3173294923
MXD1	168.590564145318	2440.60292464227	943.567469951417
MXRA5	1187.91459017247	13.7424089427591	46.6144210651452
MYL7	1245.40748399281	8.42938207156167	18.3348699751022
MYLK	687.279897470866	22.7663160104784	165.090072791148
MYO10	453.82909000222	3193.27581576585	974.276801141909
MYO18A	798.177522907761	248.207142045321	3043.56706130101
MYO1E	170.930436444052	116.836875976338	948.378044127649
MYRF	728.991503868411	13.9240487233635	16.3780408769787
NAALAD2	72.3878143419233	36.5017078314171	1024.02411089623
NATD1	294.670487202027	2088.51479030466	458.083934983262
NCAPG	268.35243266246	36.9501605991326	1618.49787256646
NDC80	171.92595571115	25.5243542484171	835.752139491107
NECTIN3	493.867228144917	6265.1316276043	1485.00116508085
NEIL1	127.988357559401	27.5268945036965	815.891105374657
NES	1325.12055259712	12.9571067738309	21.7109060396592
NEURL1	153.731060825605	5730.21334344199	2402.12348072094
NHSL1	119.892726054873	773.451217891254	280.322155739464
NID2	1590.6802995502	42.3259137372705	286.833381044914
NKD2	63.3906965114349	104.62587771274	851.916052106111
NNAT	2683.5262366595	21.5698189527355	388.940963247635
NOG	4311.82732019415	38.575390520735	1294.64415298771
NOL4L	824.758366608646	33.6474133226601	292.58922710794
NOTCH1	262.015371471041	2289.30093087294	914.207610594723
NOTCH3	753.175191399268	555.284425489945	3749.43277470062
NPB	30.002371247345	918.802153424878	119.657756986136
NRK	87.9617420418225	53.4244395368181	1986.10571845193
NRN1	10.7521771001943	2.00623041970429	275.546118620428
NRP2	87.3683696267869	56.042192211719	1126.45777206602
NUCB2	325.508035893818	3935.68804114419	2249.13806044076
NUPR1	64.5110853380148	4824.17609596908	1349.45819304415
NUSAP1	553.177729427254	91.7170190853608	3040.14852654279
NXNL2	30.1299994343217	34.5912142615102	238.267279074065
ODF3B	1450.7740241227	22.840108028353	973.633217278447
OLR1	4.06904678917835	17.4519263719363	173.695951451902
OR5AC2	71.1742339818407	9.22282250664492	458.45052852049
OTUB2	35.3100045627712	1066.88227566613	103.537277526402
OVOL2	710.034891604978	13.5181981307046	295.758165650893
P2RY11	104.083036949084	89.4219274962667	524.860548100823
P3H2	716.435923942874	124.951369397425	74.6199321933843
PAK3	42.1806075596334	321.827153427934	113.850944146458
PALLD	2375.23508463577	76.1150846090414	1159.60704513294
PAPPA2	6376.71042844313	140.880072971213	195.568460443751
PAQR8	3334.63228985826	38.6921405449022	500.435575007641
PDGFRB	2368.5743610898	27.1929832319841	165.918309928426
PDLIM1	1040.38757128495	47.2385901926204	476.388349567902
PDZRN3	2157.92112763394	18.3256678587203	45.0271020487627
PEAR1	729.598331722413	6.09028017722814	26.2903523587815
PFKFB4	861.237860684218	190.255891283865	3279.788863392
PGF	1001.30152823107	34520.9569312004	10741.2520931358
PHLDA2	211.158832657286	7432.99790360602	2891.95846787889
PHLDB2	305.095373541885	211.993911496035	1185.82793567558
PHOSPHO1	23.2718922981817	2257.12950063155	53.0442792674345
PHYHIPL	5.75502183708565	408.305212808939	19.5420766017075
PID1	26.846905254534	1391.47617871878	167.805829675298
PIEZO2	434.456991078541	9.47436424401968	73.1793097921082
PIF1	128.506256562739	59.9791803014523	607.557197422984
PIK3CB	112.730510632002	225.5433521775	1785.38631306648
PIM1	394.484181066064	144.778983183093	1695.13434054182
PKDCC	2995.78570542012	60.663204516585	392.217323565792
PLCD3	271.667676797876	1817.1793430571	370.414191254102
PLCE1	53.6890718285461	11.7011428539935	691.183390270188
PLCXD3	776.921228119031	14.9840335604191	80.8662361272229
PLEKHA2	113.186183706501	79.2579753315619	537.578914004282
PLEKHF1	85.0651047424776	1866.36686551846	1227.33987854459
PLEKHG5	489.866772665447	12.8074813834689	46.1617486385011
PLEKHO1	480.406310603703	14.5020605095998	155.764149402473
PLIN5	7.29644089876914	33.1484156446371	187.738523430271
PLK1	445.916361184091	69.0194024614492	1432.49337977128
PLOD2	480.735078417384	73.4545454900754	1828.41874706875
PLPP3	520.371434774802	6300.81044079552	1076.65777038412
PLSCR5	1260.72987337588	16.3906807820728	49.2594829286139
PNCK	40.8511691712065	81.1556912901433	1291.85919846095
PODXL	1050.27207629547	19.5455175136768	25.9802675755702
POU2F3	30.9682896229946	389.725002924838	140.483110952816
PPFIA4	171.33060143078	8.89749898907776	814.42656107176
PPM1B	400.398055855942	4152.56836897566	851.274775105374
PPM1D	113.821377863378	1491.52623950957	327.113524105989
PPME1	445.796281785155	339.273051940087	2730.77336866497
PRAG1	1119.49786584627	31.5520196966833	228.120203904229
PRC1	345.715946694064	115.586705399527	1817.025050147
PREX1	8.34567442027793	254.603027618002	29.2859143814486
PRKD1	688.853012790379	6.02000042809973	69.4121412477645
PROSER2	203.367505512985	99.6310510989361	1245.55662481577
PRR15	3820.29783795891	49.4081020688763	324.323737055896
PRR9	188.010161094656	13977.332428224	396.488972222685
PRRT4	683.691732794959	25.1912456022708	375.793744135263
PRSS12	3525.34741118635	87.939303745993	550.050951897889
PRTG	4535.52888030244	101.62515145868	1140.68198413229
PSRC1	252.226799657	27.5446206428334	882.938009744278
PTH1R	494.456472918412	6.83847955559139	10.3680418163832
PTPRE	27.9694333719132	683.734752824746	438.330359992031
PTPRU	309.355423947826	229.240610875064	3384.19640954425
RAB32	1103.43191447897	45.0509529303565	100.506774569743
RAB37	445.697987627917	1.39103295834128	10.2641954246238
RAB3IL1	31.1162730192773	809.366057660209	80.9845873921834
RAD54L	174.29637355323	96.1230243511289	964.135285086605
RASL11B	31.2435897561253	84.5184352138739	605.011608514541
RBPMS2	128.959699493698	837.880182407979	187.067808267092
RESF1	626.741574187635	32.6538021883448	158.715733917614
RHOBTB1	351.115064979206	6313.78005653837	446.900174371381
RIMS2	479.321324525718	6.66994122039443	51.9820755103602
RIPOR2	234.656571701253	1644.87938655264	318.889969656694
RMI2	172.695562360534	86.9781919221328	666.765866736571
ROR1	572.037117498688	18.5002828800044	121.857705390322
RYR2	1360.84408838128	17.8574347700214	88.2370230426981
S100A4	3818.92760072982	404.554174453015	278.253373335876
S100A6	13117.5985254423	1346.29233398183	678.200379030134
S100P	127.73661644943	5427.13448702353	1272.71585866624
SAPCD2	269.789268408948	126.630227716369	1011.65883330309
SASH1	325.086542450968	207.804611651158	1403.15472781455
SAT1	3445.83395344913	2448.62598796346	25834.2393930655
SC5D	2140.20846990248	51.6219194761379	820.203345508675
SDC1	230.953896968037	10669.5737621557	906.838653596936
SEMA5A	2111.59442787282	60.2059393473608	444.962931710485
SEMA7A	145.588013400379	3070.90354071111	807.105892020018
SERINC5	3062.20693577144	214.427321048671	728.887974076174
SESN3	3643.42641646584	64.2448810701395	351.596146355948
SESTD1	82.7174081533919	1009.63814370126	280.868747055425
SETBP1	765.031935468743	23.1680608492996	277.955568092878
SFMBT2	261.650394007354	55.5517180111395	1594.40019214467
SFRP1	4033.21890682325	94.8505681542514	620.627775193303
SFXN3	208.815012238497	43.2602964767252	981.593719824789
SGK1	385.821867528539	6138.71338975828	602.866176899063
SIAH1	306.815105967976	4022.70437378841	909.31686574721
SLC12A2	935.637626005881	70.6070814995173	154.246021545415
SLC13A4	103.844758393024	4194.79888082697	390.655502180122
SLC15A2	71.9975536386033	30.9219541733082	470.933291886135
SLC19A1	119.03262264316	4317.72703657433	544.405025624534
SLC1A6	110.955358670216	14.0386815084664	578.970827071948
SLC22A11	5.11604931278747	834.662389115553	58.8376949570559
SLC25A25	82.4233130583611	1293.86285165465	163.847241963283
SLC36A1	1488.02224190433	68.0149595182135	618.591001190181
SLC38A3	36.5001874893481	1828.03928697999	78.6097384232155
SLC40A1	400.967352377179	4576.81468425762	1079.24276237206
SLC43A2	245.043063057263	5849.69586692525	1883.34222862357
SLC49A3	61.6381193820955	681.363800050241	393.377802774969
SLC49A4	123.541723187744	1117.21891709636	536.989707821828
SLC4A8	579.850370388762	8.21313935079635	129.478713816578
SLC52A3	12.0382469389956	605.111741103222	41.3996996404338
SLC7A8	1056.46898865318	10414.8968664385	2664.33232716547
SLC9A3R1	8299.91246341953	379.634402492583	1247.49641719348
SLCO2A1	1381.31996432856	13.9498750726948	196.213979756941
SLIT3	1754.70500253938	10.7192466767403	23.65599353087
SLTM	566.778745613259	4652.25980137477	1393.7500316672
SMAD3	1778.10808522862	132.169641394614	276.672916945499
SMOX	84.2224875137929	1025.07442591569	182.748832609726
SMPDL3B	24.6268494640443	662.436339375085	392.062014112552
SMTNL2	2725.00173509973	62.7372981307924	1753.88276257158
SNAI2	713.171702159522	4.75255924438345	18.3371979412307
SOCS1	263.353287495959	3968.9484064297	612.083397545557
SOX5	576.327371916714	7.65830257228836	81.6514164265442
SOX7	2519.71767205282	76.5139321838008	118.810234619468
SP6	197.851620886647	3062.52045490898	2027.49689000196
SPATA13	19.2002094159022	451.663954583828	264.450755213913
SPIRE2	178.391488384554	3487.70131618922	3178.90900508568
SRI	3890.55998616496	170.777797911052	1734.501991249
SRXN1	52.5284015240045	757.720684176185	193.403178057603
STBD1	169.3812140334	28.3470644594049	700.403939990411
STK40	436.596636984628	2679.39901846564	858.602741371611
STOM	2369.82841260343	36.3440326812328	303.431964354698
STPG3	16.9810354683916	9.97314476336915	176.619259666816
SULF2	1150.66402293586	27.0828453182519	74.4920492760432
SV2A	1012.10745110158	27.8302441949811	127.224403852087
SYNE1	79.3500426408213	35.5404850508197	965.781106174758
SYNE3	1265.60286440317	27.7259739975338	303.097681718228
SYNPO	138.695200307708	358.513274375392	2156.02886136993
TACC3	399.629479397222	54.9183913168147	1394.12610407684
TCEA3	23.2822547343889	26.1193145177726	779.14312780745
TCF4	449.417668589004	5.04601580415585	37.8627833697414
TCIM	979.283517071438	13.9896973917994	11.6724139324997
TCP11L2	148.665243279042	903.781299371808	313.613096805695
TENM4	1560.56956435593	43.9264484766085	534.669411522041
TENT5A	343.665357717147	6215.54222608084	3013.10578735005
TET3	130.239688308082	273.070756693955	1372.75386950594
TGFB1	624.011885086062	220.493529957477	2511.95233408404
TGFBI	21045.208012066	131.070970975803	459.061513141988
TGFBR1	672.611056645005	18.8369336817174	175.804437792521
TGFBR2	277.449548739934	3036.17929723771	816.484792202508
THY1	508.70710149554	2.43511169727742	4.10145275692034
TICRR	118.092984076431	147.52055580143	893.27990748367
TINCR	136.556245249749	1619.04236348638	923.789782979801
TLN2	4553.623005479	54.0644960349051	286.538099839794
TMEM178B	532.399582497867	25.3337582696733	47.7779963652096
TMEM40	40.9579378767377	1005.64799190017	406.000399651055
TMEM51	561.145844004032	30.9221838435484	93.2006764303244
TMEM63A	396.776272926479	276.945763624934	1738.07767945753
TMOD1	3.65090894219653	519.48698608016	29.7571498501037
TMPRSS2	15.5718302134705	573.770269649958	155.686726383729
TNC	2885.2463425494	38.101827790817	114.688318556674
TNFAIP2	70.1285088057478	2811.86484662742	296.936339664959
TNFRSF19	1927.2418365626	28.8239391998588	178.5913424148
TNFRSF1B	309.188508948428	15793.2019576851	926.127076794509
TNFSF10	72.4476772172999	38.6765810709794	2296.7497165221
TNNT3	18.4228948765456	23.0763238335175	1041.17486347233
TOP2A	662.519600836446	102.064772198713	3064.45650224675
TP63	9.29534135735984	8.46403132017867	620.894495566739
TPX2	721.684042531897	104.286442539572	2667.12040415579
TRIL	1344.92812024505	10.5848877096259	50.8181563432873
TRIM14	222.297704332316	25.8649797999383	963.301352178198
TRIM38	182.731201041946	65.4818551200842	1247.85309771706
TRIML2	1336.99681838699	49.3799129681857	312.885463145822
TRMT9B	487.739506490063	10.8803061157461	98.4533938712695
TROAP	313.696728371494	24.9476678210915	996.009904752824
TRPV2	60.2801914556875	3063.67913037119	161.732159421607
TSC22D3	20.7646884170402	9.51784530373817	274.060301132784
TTN	2.80389431054228	28.7682425044615	336.175345679838
TUBB2A	975.565774356632	37.3168514856875	199.251352219753
TUBB2B	3961.97248951258	67.8518849005827	618.515528573374
TUBB6	1436.4135798131	53.8444686477735	453.368332138773
TWIST2	29.2399303289242	996.086876530198	99.6230228527582
TYMP	991.193891514388	17.2848944211316	526.102833498156
UAP1L1	171.163024341852	82.5881445692152	816.489512482629
UBALD2	309.923714016403	2767.89984635641	1069.974054893
UBE2C	612.639979028585	92.6980141751939	2809.36993281945
UBL3	1363.66629823791	65.8285394844614	384.695782263221
UHRF1	90.2486176282524	31.5490380158704	503.256034551598
UNC5C	916.892973072404	14.7515107978126	70.9344328983233
VIM	6967.47536337983	44.1222788086697	141.578355680142
VSIR	39.2478311307293	855.82598876774	231.954201395149
VTCN1	7110.29017622978	165.634579850155	1742.61106861053
WASF1	913.725325714738	13.8366535700639	295.620677633367
WEE1	352.363138356961	528.758539993148	3065.62249166284
WFIKKN1	1130.47163333687	59.4566977079934	150.303764867202
WIPF1	1381.19371262363	13.9657603157984	40.6917622829129
WNK2	23.0965274967679	2229.26047184006	247.335239175052
WNT7A	17.8004097655722	45.3649544996234	632.49119321755
WSB1	5503.84493051309	3333.40164294569	19567.2834782708
WWC1	217.863378481462	2341.5729595948	685.141828367804
XYLT1	76.8368014627437	43.9978885274535	1023.03430461476
ZHX2	455.949404258407	11.8640756397707	69.0841539331116
ZMIZ1	1485.33063650086	132.251233865343	335.942783696095
ZNF114	97.1819898512725	1372.94387593272	745.497887623137
ZNF175	642.538049800204	101.378546118339	3519.90915838523
ZNF318	678.373294137813	14.4158323292502	287.977675796286
ZNF331	446.074873248469	478.010988136981	4054.9706740845
ZNF436	203.375063437688	202.499808120514	999.39669355569
ZNF488	36.363519316664	2062.16297659446	255.54321113066
ZNF608	837.301970527238	21.6162994614558	525.343703876357
ZNF670	164.187946538492	39.0045080757276	1143.81059013469
ZNF775	787.248763944771	19.8976215028932	390.104931880374
