Mixture	EXM	Prim	CTB	P-value	Correlation	RMSE	Absolute score (sig.score)
GHRL1_KO_D02_GT23-10494_TCTCTACT-GAACCGCG_S26_L001	2.31273863952823	5.917257467709	5.88917115257976	0	0.857921674898486	0.513850943060017	14.119167259817
GHRL1_KO_G04_GT23-10495_CTCTCGTC-AGGTTATA_S15_L001	3.47518099252917	5.07599350429749	5.07132654312975	0	0.847188517790029	0.533612993950845	13.6225010399564
GHRL1_KO_H04_GT23-10496_CCAAGTCT-TCATCCTT_S35_L001	2.24914805026437	7.45120837154274	5.89136600706256	0	0.848063640440429	0.535149569307022	15.5917224288697
GHRL1_CE_A05_GT23-10497_TTGGACTC-CTGCTTCC_S12_L001	2.68468939181823	4.31786541869937	6.02386895256289	0	0.836566094467429	0.551496705957606	13.0264237630805
GHRL1_CE_A08_GT23-10498_CAGTAGGC-ATTCGTCA_S39_L001	3.29149758880224	4.40130971644905	5.41684353554164	0	0.833881045525942	0.556115410539919	13.1096508407929
GHRL1_CE_D07_GT23-10499_TGACGAAT-GCCTACTG_S31_L001	3.25335715645008	4.93860980701704	5.51536663197655	0	0.842268264785608	0.541503896780273	13.7073335954437
GHRL1_PTC_A09_GT23-10500_TAATACAG-GTGAATAT_S2_L001	5.0020690808549	1.90628561505863	4.91723420795863	0	0.813769706495883	0.621387082228953	11.8255889038722
GHRL1_PTC_A10_GT23-10501_CGGCGTGA-ACAGGCGC_S30_L001	2.56090215028423	6.02642717674639	5.76294495944089	0	0.850872116263403	0.525409152559195	14.3502742864715
GHRL1_PTC_C09_GT23-10502_ATGTAAGT-CATAGAGT_S19_L001	6.1910849260985	1.02376306870442	4.84263084141816	0	0.797502773723597	0.656354127309313	12.0574788362211
KOLF2_GHRL1_2_GT23-10492_TTACAGGA-GCTTGTCA_S6_L001	0	12.1951542153807	4.59088142394088	0	0.913976967785035	0.505377267385213	16.7860356393216
POU2F3_KO_B04_GT23-10503_GCACGGAC-TGCGAGAC_S14_L001	1.8360096364305	7.27908364505139	5.14284527837593	0	0.905134020010644	0.429302685670729	14.2579385598578
POU2F3_KO_F04_GT23-10504_GGTACCTT-GACGTCTT_S33_L001	2.48240754737962	6.56121318863359	4.77824850249608	0	0.894805678476655	0.447227554909903	13.8218692385093
POU2F3_KO_G03_GT23-10505_AACGTTCC-AGTACTCC_S37_L001	1.22444169911827	9.05593575000674	5.3608297543219	0	0.913222549875169	0.42800748570188	15.6412072034469
POU2F3_CE_B05_GT23-10506_GCAGAATT-TGGCCGGT_S17_L001	1.78749459478311	7.66865257742977	5.06168069190362	0	0.905562064213452	0.431130081862118	14.5178278641165
POU2F3_CE_A06_GT23-10507_ATGAGGCC-CAATTAAC_S24_L001	2.9326656969853	5.46606960398972	4.89573707770874	0	0.870791916771089	0.492730949821308	13.2944723786838
POU2F3_CE_B06_GT23-10508_ACTAAGAT-CCGCGGTT_S23_L001	2.60275501788088	7.16037807521319	4.72008833735542	0	0.90323411427157	0.430591223232727	14.4832214304495
POU2F3_PTC_A09_GT23-10509_GTCGGAGC-TTATAACC_S7_L001	0.632230552613337	9.57130573620955	5.36024230877536	0	0.916326288656001	0.43679974398024	15.5637785975982
POU2F3_PTC_A10_GT23-10510_CTTGGTAT-GGACTTGG_S42_L001	1.59366806583569	7.82150264541793	5.20496453509005	0	0.911683050122064	0.418963044422144	14.6201352463437
POU2F3_PTC_G09_GT23-10511_TCCAACGC-AAGTCCAA_S29_L001	1.03785128159382	8.40624427585801	5.32265441207572	0	0.901162165498997	0.454035947707633	14.7667499695275
KOLF2_POU2F3_1_GT23-10491_CCGTGAAG-ATCCACTG_S38_L001	0.766473301929278	9.85416267879391	5.19984116032378	0	0.914119270143095	0.444432980754282	15.820477141047
FOSB_KO_B04_GT23-10490_AGTTCAGG-TCTGTTGG_S16_L001	2.22676092077825	10.1576515690304	4.12912036886403	0	0.893786398008011	0.479264711937711	16.5135328586727
FOSB_KO_C02_GT23-10489_TGGATCGA-TATCGCAC_S1_L001	5.07987657454935	6.6449363454144	3.70407612133271	0	0.891766207141401	0.456330047901669	15.4288890412965
FOSB_KO_E04_GT23-10488_CAAGCTAG-CGCTATGT_S20_L001	2.02626509713744	10.4076122805155	4.07144065507643	0	0.893065836533558	0.487800298072766	16.5053180327294
FOSB_CE_C05_GT23-10483_TTATAACC-TCGATATC_S27_L001	3.60777201799731	7.07807118384561	4.17778185960173	0	0.896443722049839	0.443565179262503	14.8636250614446
FOSB_CE_C08_GT23-10482_CCGCGGTT-CTAGCGCT_S36_L001	2.67689212400836	8.06037972094934	4.49753963790363	0	0.909169260699918	0.420852494296465	15.2348114828613
FOSB_CE_D07_GT23-10484_GGACTTGG-CGTCTGCG_S22_L001	1.33678625269199	10.4485774162835	4.31413136577896	0	0.909517445985265	0.462343904716296	16.0994950347545
FOSB_PTC_A10_GT23-10487_GCTTGTCA-GTATGTTC_S28_L001	1.12450278194359	11.638731986703	4.12565233840834	0	0.899526020297621	0.50706161238088	16.888887107055
FOSB_PTC_B09_GT23-10486_ATCCACTG-ACGCACCT_S41_L001	1.28107727144603	12.6033076993016	3.85263015577723	0	0.88856574062565	0.541855586811811	17.7370151265249
FOSB_PTC_C11_GT23-10485_AAGTCCAA-TACTCATA_S21_L001	1.3453650228567	10.7974588759599	4.15430333896207	0	0.890135180452006	0.512622984335396	16.2971272377786
KOLF2_FOSB_1_GT23-10493_GACCTGAA-CTCACCAA_S32_L001	0.318184505620131	13.1913100370134	4.11243749398411	0	0.915518770471633	0.512233561320457	17.6219320366176
