Mixture	EXM	Prim	CTB	P-value	Correlation	RMSE	Absolute score (sig.score)
RUNX1_KO_B07_GT23-13722_TGACGAAT-GCCTACTG_S163_L003	0.558547072431419	15.3598587062121	6.06759601374609	0	0.861400399366616	0.535159239426945	21.9860017923896
RUNX1_KO_F08_GT23-13723_TAATACAG-GTGAATAT_S173_L003	0.502617806338762	12.8376083694908	6.7423221603909	0	0.86472427355063	0.512798691882645	20.0825483362204
RUNX1_KO_G07_GT23-13724_CGGCGTGA-ACAGGCGC_S175_L003	0.489319379317124	16.7509771850356	5.44132897208404	0	0.867193932874375	0.538933512254911	22.6816255364368
RUNX1_CE_A11_GT23-13725_ATGTAAGT-CATAGAGT_S161_L003	1.50433292925368	14.3211861205949	6.44726719931713	0	0.854698286062635	0.530446565648135	22.2727862491657
RUNX1_CE_B02_GT23-13726_GCACGGAC-TGCGAGAC_S178_L003	1.65557055437499	13.8412898652409	6.27463603623915	0	0.842374908199212	0.550311427768332	21.7714964558551
RUNX1_CE_D02_GT23-13727_GGTACCTT-GACGTCTT_S172_L003	0.507741192542693	15.4998525655835	6.74938035384103	0	0.847813163527176	0.554958316173045	22.7569741119673
RUNX1_PTC_C12_GT23-13728_AACGTTCC-AGTACTCC_S176_L003	1.14863612897609	15.2040624291007	5.8094687822782	0	0.852737624703311	0.545803113156887	22.162167340355
RUNX1_PTC_D09_GT23-13729_GCAGAATT-TGGCCGGT_S167_L003	0.514769125944117	17.3355283787224	5.58624740854056	0	0.86581359351349	0.542088120332395	23.4365449132071
RUNX1_PTC_F09_GT23-13730_ATGAGGCC-CAATTAAC_S171_L003	0.379459325398757	16.4481965456171	6.34303044982018	0	0.841670674970657	0.576239019246229	23.170686320836
RUNX1_WT1_GT23-13719_CCAAGTCT-TCATCCTT_S170_L003	0.352087077585743	13.0343487354134	6.97102352340352	0	0.899602472838424	0.443138852477606	20.3574593364027
RUNX1_WT2_GT23-13720_TTGGACTC-CTGCTTCC_S157_L003	0.326866183631109	15.2395137325008	5.74862341758892	0	0.893724444051018	0.475476102190237	21.3150033337209
RUNX1_WT3_GT23-13721_GGCTTAAG-GGTCACGA_S174_L003	0.433879710376736	14.052469073576	6.1385783986974	0	0.903919029301642	0.442169534062705	20.6249271826501
MEF2C_KO_B01_GT23-13710_AAGTCCAA-TACTCATA_S164_L003	16.641354821613	1.38576457916122	6.00454683118928	0	0.80340903559788	0.600152804409697	24.0316662319635
MEF2C_KO_D03_GT23-13711_ATCCACTG-ACGCACCT_S169_L003	13.4872103012843	3.54330389774106	6.08854663519212	0	0.78416494532485	0.629944092231701	23.1190608342175
MEF2C_KO_G01_GT23-13712_GCTTGTCA-GTATGTTC_S179_L003	22.2441865652367	0.0313263426241096	4.48747627212961	0	0.800182897798824	0.601659702523595	26.7629891799904
MEF2C_CE_A05_GT23-13713_CAAGCTAG-CGCTATGT_S168_L003	10.3555624615793	5.26488479820781	6.25072435045195	0	0.788425497051198	0.629545973424004	21.871171610239
MEF2C_CE_C07_GT23-13714_TGGATCGA-TATCGCAC_S158_L003	5.40016059023888	8.4418362709164	6.37811141830414	0	0.818979187549959	0.581086567937438	20.2201082794594
MEF2C_CE_D08_GT23-13715_AGTTCAGG-TCTGTTGG_S159_L003	17.6160307816386	1.56079034395474	5.55814109632011	0	0.79173961023677	0.61286709381077	24.7349622219134
MEF2C_PTC_A01_GT23-13716_GACCTGAA-CTCACCAA_S160_L003	19.1831703572856	0.651187020446733	4.62290003707495	0	0.808583225906055	0.58901106885664	24.4572574148073
MEF2C_PTC_B03_GT23-13717_TCTCTACT-GAACCGCG_S177_L003	19.9842370036984	0.225041091933668	5.12061163218962	0	0.806465513716518	0.59204615558025	25.3298897278217
MEF2C_PTC_D07_GT23-13718_CTCTCGTC-AGGTTATA_S156_L003	9.67314996079025	5.31890751215072	6.15803784470691	0	0.769517444605177	0.648990093772843	21.1500953176479
MEF2C_WT1_GT23-13707_CCGCGGTT-CTAGCGCT_S165_L003	18.0501141713027	1.08533395694149	5.37708912218617	0	0.799968756269209	0.601620513717918	24.5125372504303
MEF2C_WT2_GT23-13708_TTATAACC-TCGATATC_S162_L003	13.7912089410303	3.04288811258263	5.8583615082163	0	0.790957254030482	0.620926392527104	22.6924585618292
MEF2C_WT3_GT23-13709_GGACTTGG-CGTCTGCG_S166_L003	15.900996779571	2.16707904573676	5.60344910563426	0	0.798290373746627	0.607515660332762	23.671524930942
