Mixture	EXM	Prim	CTB	P-value	Correlation	RMSE	Absolute score (sig.score)
NC0A3_KO_A02_GT24-01166_CCAAGTCT-TCATCCTT_S138_L005	2.22675516539811	9.00888092472543	6.13719961141413	0	0.894559487681572	0.46369261711962	17.3728357015377
NC0A3_KO_A12_GT24-01167_TTGGACTC-CTGCTTCC_S147_L005	3.71548377155746	11.524788327474	4.91045328755452	0	0.899371800860273	0.464793532718432	20.150725386586
NC0A3_KO_D11_GT24-01168_CAGTAGGC-ATTCGTCA_S133_L005	1.8830737806837	11.070304398468	5.98428734067842	0	0.903960616903596	0.469422863756354	18.9376655198301
NC0A3_CE_F08_GT24-01169_TGACGAAT-GCCTACTG_S137_L005	1.29330028268934	9.66177121349929	6.80810109733755	0	0.891565996780563	0.483830276764718	17.7631725935262
NC0A3_CE_G05_GT24-01170_TAATACAG-GTGAATAT_S130_L005	2.3065101200512	7.76494996945222	6.82238888520518	0	0.897247364964463	0.445887341148177	16.8938489747086
NC0A3_CE_H06_GT24-01171_CGGCGTGA-ACAGGCGC_S141_L005	2.03180718414882	10.488191827851	6.045042474543	0	0.911897288075901	0.441497738162742	18.5650414865428
NC0A3_PTC_A10_GT24-01172_ATGTAAGT-CATAGAGT_S132_L005	1.26797918717534	10.1544631392353	6.4592790332901	0	0.910091258104078	0.451678921762757	17.8817213597007
NC0A3_PTC_A11_GT24-01173_GCACGGAC-TGCGAGAC_S149_L005	1.94404022641023	10.9185110999718	5.9596047734078	0	0.912828663121045	0.446178381522527	18.8221560997898
NC0A3_PTC_F10_GT24-01174_GGTACCTT-GACGTCTT_S151_L005	1.7299237301838	10.758639055746	6.03774457869717	0	0.908354054722751	0.458343259949855	18.526307364627
NC0A3_WT_1_GT24-01175_AACGTTCC-AGTACTCC_S144_L005	1.7338297686862	11.7201254284559	5.62637519561585	0	0.911240634219675	0.467720750654697	19.0803303927579
NC0A3_WT_2_GT24-01176_GCAGAATT-TGGCCGGT_S146_L005	1.39567660775693	10.6092814728344	6.29718290834499	0	0.904952461923734	0.468050210035328	18.3021409889363
NC0A3_WT_3_GT24-01177_ATGAGGCC-CAATTAAC_S131_L005	2.11620725333303	9.23002968845535	6.28816270040585	0	0.891804126197558	0.471685353826279	17.6343996421942
