Mixture	EXM	Prim	CTB	P-value	Correlation	RMSE	Absolute score (sig.score)
GCM1_KO_C1_GT23-11436_TCCAACGC-AAGTCCAA_S58_L002	3.10538573740316	2.43747776703404	5.05357752828147	0	0.742620421026311	0.678818625689198	10.5964410327187
GCM1_KO_E4_GT23-11437_CCGTGAAG-ATCCACTG_S56_L002	2.54417815560784	2.33485076787919	5.99233793737453	0	0.750773177420387	0.670486923147875	10.8713668608616
GCM1_KO_G4_GT23-11438_TTACAGGA-GCTTGTCA_S53_L002	2.29652506972158	2.39426298470095	6.10443020970124	0	0.737267309371006	0.681473829986874	10.7952182641238
GCM1_CE_D6_GT23-11439_GGCATTCT-CAAGCTAG_S49_L002	2.05705706942606	2.02034983272528	5.83876008122109	0	0.728019878648558	0.69158508174626	9.91616698337243
GCM1_CE_G6_GT23-11440_AATGCCTC-TGGATCGA_S59_L002	3.4873600481338	0.853600418128477	6.28375139291112	0	0.762879099217632	0.686687829788413	10.6247118591734
GCM1_CE_G8_GT23-11441_TACCGAGG-AGTTCAGG_S44_L002	2.66362393595134	1.99244351696354	5.89168499692205	0	0.745021759465264	0.680093675612952	10.5477524498369
GCM1_PTC_A11_GT23-11442_CGTTAGAA-GACCTGAA_S52_L002	2.47741904994235	2.78192659876225	5.63210109472995	0	0.736366409601855	0.679800171880987	10.8914467434346
GCM1_PTC_B12_GT23-11443_AGCCTCAT-TCTCTACT_S51_L002	2.73765698810073	2.54304062939563	5.10402334064954	0	0.726888882873891	0.690816485184585	10.3847209581459
GCM1_PTC_E11_GT23-11444_GATTCTGC-CTCTCGTC_S47_L002	2.34710537747163	2.53149402972879	5.62578305463323	0	0.738843564050256	0.678531075940378	10.5043824618337
GCM1_WT_1_GT23-11433_ACTAAGAT-CCGCGGTT_S57_L002	0.726167696655794	11.927876769562	3.29707699169204	0	0.895416431604744	0.545250282029502	15.9511214579099
GCM1_WT_2_GT23-11434_GTCGGAGC-TTATAACC_S46_L002	2.09246886653201	7.01725663441251	4.14541991079051	0	0.879959120233187	0.48008226730424	13.255145411735
GCM1_WT_3_GT23-11435_CTTGGTAT-GGACTTGG_S41_L002	1.60204819650742	8.96330969445521	3.66970638326963	0	0.894758434322127	0.477558907943986	14.2350642742323
