Mixture	EXM	Prim	CTB	P-value	Correlation	RMSE	Absolute score (sig.score)
EPAS1_R_PTC_A03_N_GT24-02296_CCATTCGA-CGGACAAC_S183_L005	1.11656700060621	6.90024516144735	5.12589145414671	0	0.909796779788894	0.41582505290774	13.1427036162003
EPAS1_R_PTC_A05_N_GT24-02298_GTGTCGGA-GCGCAAGC_S203_L005	1.66208887980216	6.9053586192151	4.48001125002302	0	0.896428512054771	0.443604676725971	13.0474587490403
EPAS1_R_PTC_A06_N_GT24-02300_CCTTCACC-GGAGCGTC_S208_L005	1.84775357566277	4.73873162966188	5.22474535660805	0	0.892740982814198	0.471057396811413	11.8112305619327
EPAS1_R_WT1_N_GT24-02290_CATAATAC-CGTTAGAA_S190_L005	0.927375468943612	7.50701423578576	5.20182290458054	0	0.909454696936518	0.416199729903867	13.6362126093099
EPAS1_R_WT2_N_GT24-02292_AGCTCGCT-GATTCTGC_S184_L005	1.06774613591345	6.67126793736892	5.26766795186212	0	0.916102151722829	0.403040673620665	13.0066820251445
EPAS1_R_WT3_N_GT24-02294_TAAGGTCA-CTACGACA_S191_L005	1.04247078406757	7.63701891882159	4.90582321768003	0	0.922771535769191	0.385887270558744	13.5853129205692
EPAS1_R_PTC_A03_H_GT24-02297_ACACTAAG-ATATGGAT_S192_L005	5.76904734888616	0.0684890207667837	6.11513319107298	0	0.866908243551879	0.597902682525379	11.9526695607259
EPAS1_R_PTC_A05_H_GT24-02299_TTCCTGTT-AAGATACT_S202_L005	4.91841387446863	0.0472459320138175	6.28300164905035	0	0.865401483034655	0.60644242201114	11.2486614555328
EPAS1_R_PTC_A06_H_GT24-02301_GCCACAGG-ATGGCATG_S205_L005	6.03107805417857	0.16972714971135	5.85272334122328	0	0.892246158195694	0.570663790075057	12.0535285451132
EPAS1_R_WT1_H_GT24-02291_GATCTATC-AGCCTCAT_S197_L005	5.86228975650902	0.613207290509178	6.10515560500897	0	0.849181619598015	0.612691744055044	12.5806526520272
EPAS1_R_WT2_H_GT24-02293_CGGAACTG-TCGTAGTG_S189_L005	5.87014760589586	0.304897878277768	6.18756402229154	0	0.852992632142562	0.610307894464986	12.3626095064652
EPAS1_R_WT3_H_GT24-02295_TTGCCTAG-TAAGTGGT_S185_L005	5.55380390716813	0.458196226036751	6.36965491453073	0	0.854312457577187	0.611838291976515	12.3816550477356
GCM1_R_PTC_B01_GT24-02281_ATATCTCG-ACTAAGAT_S196_L005	1.021827734889	10.7906991030711	4.34459650247239	0	0.867459059121772	0.52720977855243	16.1571233404325
GCM1_R_PTC_B06_GT24-02282_GCGCTCTA-GTCGGAGC_S195_L005	1.39521935088677	7.43532373041657	4.7637968327736	0	0.860296608371809	0.51187301013177	13.5943399140769
GCM1_R_PTC_C04_GT24-02283_AACAGGTT-CTTGGTAT_S200_L005	1.2462434200125	7.75050192456117	4.68659884055272	0	0.867422823882664	0.501424293707972	13.6833441851264
GHRL1_R_PTC_C09_GT24-02284_GGTGAACC-TCCAACGC_S198_L005	1.47870350104642	7.5719653268607	4.71404278383496	0	0.871287126071666	0.492266486882881	13.7647116117421
GHRL1_R_PTC_D07_GT24-02285_CAACAATG-CCGTGAAG_S206_L005	1.87927989109494	7.82641255464807	4.40140332532853	0	0.880968488095456	0.474142381728164	14.1070957710715
GHRL1_R_PTC_D09_GT24-02286_TGGTGGCA-TTACAGGA_S187_L005	2.01037128285646	7.51071064704938	4.55339043910357	0	0.865882466520281	0.500646594102733	14.0744723690094
GCM1_GHRL1_WT_1_GT24-02287_GTTCGCCG-CAATGAGC_S186_L005	1.79236055299755	5.94028968851549	4.89746910116706	0	0.847117021448988	0.531774195409086	12.6301193426801
GCM1_GHRL1_WT_2_GT24-02288_CACGAGCG-TGGCAGAT_S204_L005	1.51188937378841	6.69287140739129	4.76653581628546	0	0.856980178395897	0.515493639830402	12.9712965974652
GCM1_GHRL1_WT_3_GT24-02289_TGCGGCGT-TACCGAGG_S199_L005	1.62268496088607	5.49455166009243	5.2381095380811	0	0.825608369367299	0.564478723187528	12.3553461590596
