Mixture	EXM	Prim	CTB	P-value	Correlation	RMSE	Absolute score (sig.score)
NR2F2_PTC_A02_GT25-01220_CAAGCTAG-CGCTATGT_S146_L004	4.87741492021415	7.98154626929318	4.44561758462107	0	0.872587442595201	0.489236553688385	17.3045787741284
NR2F2_PTC_H02_GT25-01222_AGTTCAGG-TCTGTTGG_S137_L004	4.26371465454912	9.13018318095798	4.91058364349315	0	0.872571987872304	0.494331435803112	18.3044814790003
ELF5_PTC_B06_GT25-01214_CCGCGGTT-CTAGCGCT_S149_L004	2.11726099113291	10.5947988102274	5.60116763910799	0	0.87923167682771	0.508687381221306	18.3132274404683
ELF5_PTC_E01_GT25-01215_TTATAACC-TCGATATC_S148_L004	1.839603349145	10.4193972497304	5.60210087811544	0	0.896201457171951	0.475281040192259	17.8611014769908
ELF5_PTC_H01_GT25-01216_GGACTTGG-CGTCTGCG_S145_L004	3.52427592851234	7.73348406576515	5.23434894934872	0	0.889924336160621	0.457611256712091	16.4921089436262
ASCL2_PTC_A01_20_O2_GT25-01217_AAGTCCAA-TACTCATA_S138_L004	2.09635908879041	11.7922167944642	5.14781368666068	0	0.897378782251392	0.486133908105305	19.0363895699153
ASCL2_PTC_B06_20_O2_GT25-01218_ATCCACTG-ACGCACCT_S136_L004	2.49927968770143	10.3658971917255	5.37067718165394	0	0.901299646522764	0.455868704316449	18.2358540610809
ASCL2_PTC_D02_20_O2_GT25-01219_GCTTGTCA-GTATGTTC_S142_L004	3.04528717199917	10.7012490716333	5.12162487372645	0	0.897217395301592	0.462761219738362	18.8681611173589
ELF5_NR2F2_ASCL2_WT_20__1_GT25-01223_GACCTGAA-CTCACCAA_S143_L004	1.43824187761494	10.3350366568084	6.19807322784422	0	0.895755989198105	0.475498888792397	17.9713517622676
ELF5_NR2F2_ASCL2_WT_20__2_GT25-01224_TCTCTACT-GAACCGCG_S140_L004	2.15466816477045	11.3693628070676	5.17036358409922	0	0.896651538907871	0.482539192855344	18.6943945559372
ELF5_NR2F2_ASCL2_WT_20__3_GT25-01225_CTCTCGTC-AGGTTATA_S150_L004	1.84784325338653	11.1312041581989	5.48593096937489	0	0.893231452327627	0.489542338011788	18.4649783809603
