Mixture	EXM	Prim	CTB	P-value	Correlation	RMSE	Absolute score (sig.score)
PITX1_PTC_A01_GT23-14983_CTACGACA-TTGGACTC_S34_L001	2.05430760853238	15.5432665020281	6.9349897635456	0	0.895760379387909	0.509119989016954	24.5325638741061
PITX1_PTC_B03_GT23-14984_TAAGTGGT-GGCTTAAG_S42_L001	1.68322877650899	14.8807014861616	6.95991803069245	0	0.899254259628714	0.502548566398521	23.5238482933631
PITX1_PTC_C03_GT23-14985_CGGACAAC-AATCCGGA_S38_L001	2.30332346313589	16.631757626797	5.99619631127141	0	0.898205362078687	0.519422816841853	24.9312774012043
LMO2_PTC_A06_GT23-14986_ATATGGAT-TAATACAG_S39_L001	3.16521765073042	18.034516675895	5.28186326511821	0	0.901994023368345	0.514279238054292	26.4815975917437
LMO2_PTC_F07_GT23-14987_GCGCAAGC-CGGCGTGA_S37_L001	1.75971787753633	15.1786411544086	7.40434027478133	0	0.878860645034639	0.542213654420976	24.3426993067263
LMO2_PTC_F08_GT23-14988_AAGATACT-ATGTAAGT_S40_L001	1.76958399180993	16.9693238926506	6.54814398126849	0	0.877540756381868	0.569282986877607	25.287051865729
ZBTB7C_PTC_A09_GT23-14989_GGAGCGTC-GCACGGAC_S43_L001	1.97273120935315	14.9917436642448	7.11025728817348	0	0.888411625001344	0.520305792236356	24.0747321617714
ZBTB7C_PTC_A11_GT23-14990_ATGGCATG-GGTACCTT_S35_L001	0.974580659598521	15.953765072528	7.3542977393867	0	0.88889350328549	0.542551792512748	24.2826434715132
ZBTB7C_PTC_B10_GT23-14991_GCAATGCA-AACGTTCC_S44_L001	1.80707212891794	17.0306510809434	6.42681066894821	0	0.8860042386619	0.552986480727889	25.2645338788095
WT_PITX1_LMO2_ZBTB7C_1_GT23-14992_GTTCCAAT-GCAGAATT_S41_L001	1.71145196407533	17.2078380908747	6.17118715366071	0	0.895352766409168	0.539833851160404	25.0904772086108
WT_PITX1_LMO2_ZBTB7C_2_GT23-14993_ACCTTGGC-ATGAGGCC_S36_L001	2.13681403490919	17.4306224358332	5.96444602189924	0	0.887141392516942	0.55338676671594	25.5318824926416
WT_PITX1_LMO2_ZBTB7C_3_GT23-14994_ATATCTCG-ACTAAGAT_S45_L001	1.88957026460932	17.7341861697498	5.86049108734228	0	0.897633900972275	0.539590987235924	25.4842475217014
