Mixture	EXM	Prim	CTB	P-value	Correlation	RMSE	Absolute score (sig.score)
PPARG_KO_E02_GT23-11448_CGGACAAC-AATCCGGA_S60_L002	6.41045903562788	5.7920248346172	2.83153114662169	0	0.864228355517817	0.512772363523724	15.0340150168668
PPARG_KO_G02_GT23-11449_ATATGGAT-TAATACAG_S50_L002	4.68143978784878	7.39217414464527	3.43501962471606	0	0.870697530641607	0.491850261687395	15.5086335572101
PPARG_KO_H02_GT23-11450_GCGCAAGC-CGGCGTGA_S40_L002	7.30614030696979	7.42410798894281	1.90304663053444	0	0.868803510230275	0.498062661646736	16.633294926447
PPARG_CE_D08_GT23-11451_AAGATACT-ATGTAAGT_S61_L002	4.72547274399287	2.63552032126019	4.6451386158222	0	0.806342081762544	0.612633327863497	12.0061316810753
PPARG_CE_G05_GT23-11452_GGAGCGTC-GCACGGAC_S48_L002	8.38144427511195	5.33469437411928	2.31810092252052	0	0.860651139997223	0.528792598222251	16.0342395717518
PPARG_CE_H05_GT23-11453_ATGGCATG-GGTACCTT_S62_L002	7.42208745130979	5.07634908398024	2.7455125963503	0	0.86937155259842	0.516448990048095	15.2439491316403
PPARG_PTC_A10_GT23-11454_GCAATGCA-AACGTTCC_S54_L002	4.38460741363268	4.79445908015973	4.22283082997751	0	0.85264733715358	0.531149433138673	13.4018973237699
PPARG_PTC_D10_GT23-11455_GTTCCAAT-GCAGAATT_S63_L002	4.26892809005966	6.15788118318561	3.91165329677842	0	0.863410495407496	0.506151160011422	14.3384625700237
PPARG_PTC_E12_GT23-11456_ACCTTGGC-ATGAGGCC_S45_L002	3.21171860421487	4.16573549140992	5.11715175868768	0	0.844652662218871	0.543294558956051	12.4946058543125
PPARG_WT_1_GT23-11445_TCGTAGTG-CCAAGTCT_S43_L002	2.33326072525677	9.67945164992956	3.80598237130647	0	0.880810921899746	0.495051041341137	15.8186947464928
PPARG_WT_2_GT23-11446_CTACGACA-TTGGACTC_S42_L002	2.99101240251953	9.23001067553601	3.71139099083247	0	0.873748844091983	0.498511326655938	15.932414068888
PPARG_WT_3_GT23-11447_TAAGTGGT-GGCTTAAG_S55_L002	1.84435860745887	10.7131263459214	3.61774962043859	0	0.876702071954146	0.52347348186834	16.1752345738189
