Mixture	EXM	Prim	CTB	P-value	Correlation	RMSE	Absolute score (sig.score)
HIF1a_PTC_A04_20_O2_GT25-00025_ACTAAGAT-CCGCGGTT_S705_L004	4.89130495217158	10.2779984188259	4.83922892868301	0	0.872323357703954	0.49147480969	20.0085322996805
HIF1a_PTC_A05_20_O2_GT25-00026_GTCGGAGC-TTATAACC_S706_L004	3.65329945476409	12.1456357773614	5.04545254075415	0	0.874283221139228	0.502659289305378	20.8443877728797
HIF1a_PTC_A06_20_O2_GT25-00027_CTTGGTAT-GGACTTGG_S726_L004	2.87216537670497	13.0440684341189	4.76573185970392	0	0.877999582334637	0.512775982400143	20.6819656705278
TP63_PTC_C10_20_O2_GT25-00028_TCCAACGC-AAGTCCAA_S711_L004	3.89885820104614	11.1742231358225	5.27053916041836	0	0.875074536239784	0.492936607492834	20.343620497287
TP63_PTC_C07_20_O2_GT25-00029_CCGTGAAG-ATCCACTG_S715_L004	2.9227319205076	12.2186977658436	5.52975428445229	0	0.878851534382591	0.498222439675781	20.6711839708035
TP63_PTC_G12_20_O2_GT25-00030_TTACAGGA-GCTTGTCA_S701_L004	3.30121957839523	12.1508428627218	5.02612625781644	0	0.8775061164736	0.50004305313302	20.4781886989334
KOLF2_2J_20_O2_REP1_GT25-00037_GGCATTCT-CAAGCTAG_S710_L004	3.15476352823787	12.086363748849	5.52463531236313	0	0.875551632313581	0.501616897693831	20.76576258945
KOLF2_2J_20_O2_REP2_GT25-00038_AATGCCTC-TGGATCGA_S730_L004	3.33186088389079	11.3185855970852	5.47619591822083	0	0.882515925297611	0.482088428998327	20.1266423991968
KOLF2_2J_20_O2_REP3_GT25-00039_TACCGAGG-AGTTCAGG_S703_L004	3.12807762153343	12.1682590978141	5.03897026787482	0	0.869991348933769	0.517019460016047	20.3353069872224
HIF1a_PTC_A04_3_O2_GT25-00010_GACCTGAA-CTCACCAA_S729_L004	6.29632689120519	10.4137157335591	5.78370994767146	0	0.773486273215622	0.639483562107329	22.4937525724358
HIF1a_PTC_A05_3_O2_GT25-00011_TCTCTACT-GAACCGCG_S700_L004	5.68350418007729	10.1039472255041	6.71299287190746	0	0.744061430312	0.676683140794853	22.5004442774889
HIF1a_PTC_A06_3_O2_GT25-00012_CTCTCGTC-AGGTTATA_S708_L004	3.95025096732367	11.085675347886	7.46212235738734	0	0.768423129862547	0.656081121115979	22.498048672597
TP63_PTC_C10_3_O2_GT25-00013_CCAAGTCT-TCATCCTT_S720_L004	3.5517880311294	13.4361293033513	6.38085626795094	0	0.835923461024698	0.573217667491679	23.3687736024316
TP63_PTC_C07_3_O2_GT25-00014_TTGGACTC-CTGCTTCC_S717_L004	4.07098406665958	12.625002768416	6.17156308673836	0	0.83555043141106	0.566100025967864	22.867549921814
TP63_PTC_G12_3_O2_GT25-00015_CAGTAGGC-ATTCGTCA_S724_L004	3.18961998877488	14.5568014414681	5.8877456687574	0	0.837157203866845	0.585616699192257	23.6341670990004
ASCL2_PTC_B06_3_O2_GT25-00016_TGACGAAT-GCCTACTG_S712_L004	6.16892818092033	8.86314133715692	6.28880702555775	0	0.843472700080696	0.537703969839824	21.320876543635
ASCL2_PTC_D02_3_O2_GT25-00017_TAATACAG-GTGAATAT_S719_L004	7.43495241535071	9.24665521866614	5.39031662862754	0	0.849139442830216	0.529443022955426	22.0719242626444
ASCL2_PTC_E05_3_O2_GT25-00018_CGGCGTGA-ACAGGCGC_S723_L004	7.5547413189098	9.37885747350656	5.31281399475281	0	0.851230368925353	0.526104570440898	22.2464127871692
ELF5_PTC_A04_3_O2_GT25-00019_ATGTAAGT-CATAGAGT_S725_L004	6.17674367430956	7.87509084113059	7.02783156526725	0	0.855552552124547	0.523191843931024	21.0796660807074
ELF5_PTC_B06_3_O2_GT25-00020_GCACGGAC-TGCGAGAC_S731_L004	7.44387768539503	7.8672168375327	6.22851456310595	0	0.831318166860162	0.559825232331165	21.5396090860337
ELF5_PTC_H01_3_O2_GT25-00021_GGTACCTT-GACGTCTT_S704_L004	7.01120555045489	9.80093780374918	5.42073003706546	0	0.85091482603396	0.525501515239474	22.2328733912695
KOLF2_2J_3_O2_REP1_GT25-00022_AACGTTCC-AGTACTCC_S714_L004	2.92818490558387	13.0628416102638	6.66911833412609	0	0.844412631614005	0.560550815753074	22.6601448499738
KOLF2_2J_3_O2_REP2_GT25-00023_GCAGAATT-TGGCCGGT_S707_L004	2.46605266854874	13.0903665274267	7.22529581115762	0	0.844150925789081	0.56226444173483	22.7817150071331
KOLF2_2J_3_O2_REP3_GT25-00024_ATGAGGCC-CAATTAAC_S721_L004	3.63556505092383	12.6607421953874	6.46887844461757	0	0.847948018808143	0.546646063058493	22.7651856909288
