Mixture	EXM	Prim	CTB	P-value	Correlation	RMSE	Absolute score (sig.score)
ISL1_KO_A02_GT23-12147_GGTGAACC-TCCAACGC_S5_L001	10.7767736735785	0.935981926172195	6.89015963383727	0	0.915387366875997	0.448746285206043	18.6029152335879
ISL1_KO_D04_GT23-12148_CAACAATG-CCGTGAAG_S3_L001	6.01088392398266	8.76764041107957	4.02921063757001	0	0.889739091492726	0.482871591028212	18.8077349726322
ISL1_KO_F04_GT23-12149_TGGTGGCA-TTACAGGA_S17_L001	12.0427041056739	0.294163136912691	7.1074898475672	0	0.914568401641169	0.47604025893693	19.4443570901538
ISL1_CE_A06_GT23-12150_GTTCGCCG-CAATGAGC_S24_L001	12.3126452747653	0.439138569205082	7.32328361124303	0	0.90483096851078	0.494851737700367	20.0750674552134
ISL1_CE_B05_GT23-12151_CACGAGCG-TGGCAGAT_S27_L001	4.04343491583822	10.6409795914492	4.44842120290163	0	0.864108798063362	0.561388162820732	19.132835710189
ISL1_CE_D01_GT23-12152_TGCGGCGT-TACCGAGG_S15_L001	11.1100092934573	2.28297085245699	6.82545991855562	0	0.908734286537048	0.444644499295953	20.2184400644699
ISL1_PTC_A10_GT23-12153_CATAATAC-CGTTAGAA_S20_L001	7.52753390002525	5.91001131665551	5.98810650469925	0	0.902614522464509	0.434726460639133	19.42565172138
ISL1_PTC_C12_GT23-12154_GATCTATC-AGCCTCAT_S21_L001	11.1412377002283	0.120410122773632	7.09922613094375	0	0.918787089243369	0.460836039504615	18.3608739539457
ISL1_PTC_D10_GT23-12155_AGCTCGCT-GATTCTGC_S32_L001	6.64389180225398	7.57997955454332	4.69242166064292	0	0.897028115611959	0.457415376865591	18.9162930174402
ISL1_WT_1_GT23-12144_ATATCTCG-ACTAAGAT_S33_L001	13.1027708853206	0.504111571305198	7.82048660436002	0	0.914833374324363	0.469801851796124	21.4273690609858
ISL1_WT_2_GT23-12145_GCGCTCTA-GTCGGAGC_S29_L001	13.3447673364328	0.253279693257217	7.65031998491363	0	0.91657385159931	0.476354550207526	21.2483670146037
ISL1_WT_3_GT23-12146_AACAGGTT-CTTGGTAT_S23_L001	13.0057995142319	0.528776023862446	7.92860649861881	0	0.916452448222904	0.462862520215349	21.4631820367131
MEIS1_KO_E03_GT23-12159_CCATTCGA-CGGACAAC_S26_L001	12.3575392392079	0.678254913136215	7.14839976104227	0	0.919771859794284	0.456090308191371	20.1841939133864
MEIS1_KO_F04_GT23-12160_ACACTAAG-ATATGGAT_S11_L001	10.3831731191992	2.27389067862754	6.62209423265013	0	0.912949587782799	0.43041223315705	19.2791580304769
MEIS1_KO_H03_GT23-12161_GTGTCGGA-GCGCAAGC_S25_L001	9.94990153776849	3.57456960876363	5.92058796254745	0	0.906720278173928	0.432097377667888	19.4450591090796
MEIS1_CE_H08_GT23-12162_TTCCTGTT-AAGATACT_S12_L001	10.3722921222075	3.81857806545571	5.92497668457634	0	0.906612702833723	0.432743573090342	20.1158468722396
MEIS1_CE_C07_GT23-12163_CCTTCACC-GGAGCGTC_S30_L001	10.3567268387801	3.46536611694755	6.42684573101928	0	0.897525732201088	0.453720755969424	20.248938686747
MEIS1_CE_E06_GT23-12164_GCCACAGG-ATGGCATG_S2_L001	11.4597766352214	1.91780668881525	7.24297288989555	0	0.90151262870263	0.466189155683433	20.6205562139322
MEIS1_PTC_F12_GT23-12165_ATTGTGAA-GCAATGCA_S8_L001	12.1565371949942	0.988206829945741	7.11707534154637	0	0.905805339190932	0.481326973090304	20.2618193664863
MEIS1_PTC_G9_GT23-12166_ACTCGTGT-GTTCCAAT_S4_L001	11.3779968968598	0.318694619135062	7.1083000656806	0	0.918122818012107	0.459682028468253	18.8049915816754
MEIS1_PTC_G11_GT23-12167_GTCTACAC-ACCTTGGC_S31_L001	12.0045038476354	1.68008178531216	7.40620671955733	0	0.902251351665675	0.471436027065003	21.0907923525049
MEIS1_WT_1__GT23-12156_CGGAACTG-TCGTAGTG_S62_L002	9.14758739137884	3.83413161484762	6.79271896953977	0	0.903999051564843	0.429977042129638	19.7744379757662
MEIS1_WT_2_GT23-12157_TAAGGTCA-CTACGACA_S9_L001	12.6498753216006	1.93467396536468	6.49006189430566	0	0.902891886649913	0.481166594034023	21.074611181271
MEIS1_WT_3_GT23-12158_TTGCCTAG-TAAGTGGT_S22_L001	12.5127703094801	0.781394521476724	7.31667454927417	0	0.909808714271325	0.477146735561003	20.610839380231
MEIS2_KO_C02_GT23-12173_GACGTCTT-GGTGAACC_S28_L001	11.526670333263	0.0428709184392612	8.824282666499	0	0.910449526864151	0.46241333620254	20.3938239182012
MEIS2_CE_A06_GT23-12174_TGCGAGAC-CAACAATG_S1_L001	13.1495073333646	0.259392389595578	7.59806443335424	0	0.912347478423173	0.485418318393582	21.0069641563144
MEIS2_CE_C06_GT23-12175_CATAGAGT-TGGTGGCA_S10_L001	14.3532612018075	0.14429370923249	7.6127724253297	0	0.906208763435619	0.513739190171284	22.1103273363697
MEIS2_CE_C08_GT23-12176_ACAGGCGC-AGGCAGAG_S7_L001	13.513847793882	0.322231765131091	8.02781623802885	0	0.904185028070452	0.5000984140938	21.8638957970419
MEIS2_PTC_B09_GT23-12177_GTGAATAT-GAATGAGA_S19_L001	13.7018772325337	0.339098912708429	8.57440013084925	0	0.892354450321066	0.520608477544588	22.6153762760914
MEIS2_PTC_E11_GT23-12178_AACTGTAG-TGCGGCGT_S16_L001	11.9803127131404	0.165616047781076	8.48572487460329	0	0.907470477736402	0.475441666071594	20.6316536355247
MEIS2_PTC_G09_GT23-12179_GGTCACGA-CATAATAC_S14_L001	13.0053248641326	0.177500702472069	7.66988588446328	0	0.913002284399547	0.483383638086438	20.8527114510679
MEIS2_WT_1_GT23-12168_CAATTAAC-ATATCTCG_S18_L001	13.4541551091231	0.392077839379255	7.86801255914061	0	0.911702033229742	0.48253976557819	21.714245507643
MEIS2_WT_2_GT23-12169_TGGCCGGT-GCGCTCTA_S6_L001	12.9499996237281	0.606973819912361	7.85075710686908	0	0.910615329639571	0.475867177205137	21.4077305505096
MEIS2_WT_3_GT23-12170_AGTACTCC-AACAGGTT_S13_L001	13.5211494939908	0.265010104738269	7.98252177000966	0	0.911868096616597	0.484061847779608	21.7686813687387
