Mixture	EXM	Prim	CTB	P-value	Correlation	RMSE	Absolute score (sig.score)
EPAS1_W_PTC_A03_20__GT24-02457_CCAAGTCT-TCATCCTT_S26_L001	1.35340754506387	12.581911023945	5.05807692907223	0	0.927374197519352	0.431424085534448	18.9933954980811
EPAS1_W_PTC_B02_20__GT24-02458_TTGGACTC-CTGCTTCC_S14_L001	1.56833189143416	11.5485328232536	5.22586865198258	0	0.91321781759902	0.450299355845208	18.3427333666704
EPAS1_W_PTC_B03_20__GT24-02459_CAGTAGGC-ATTCGTCA_S32_L001	1.40100496448721	11.6260626862799	5.49226327294095	0	0.912181320586287	0.453704228190847	18.5193309237081
EPAS1_W_PTC_A03_3__GT24-02451_CAAGCTAG-CGCTATGT_S8_L001	0.896305720309081	6.86536096902627	9.53862871547925	0	0.903579003201218	0.430191805349996	17.3002954048146
EPAS1_W_PTC_B02_3__GT24-02452_TGGATCGA-TATCGCAC_S25_L001	1.21514299719596	8.31959630631104	8.2619953341276	0	0.890158908965768	0.462218280773417	17.7967346376346
EPAS1_W_PTC_B03_3__GT24-02453_AGTTCAGG-TCTGTTGG_S28_L001	0.685632693708599	7.6522090421072	9.41727147563871	0	0.90046955578952	0.438587165988396	17.7551132114545
EPAS1_W_WT_1_20__GT24-02460_TGACGAAT-GCCTACTG_S29_L001	1.49846626189511	9.78998830163733	5.7778917254344	0	0.887082415560436	0.489689542162006	17.0663462889668
EPAS1_W_WT_2_20__GT24-02461_TAATACAG-GTGAATAT_S10_L001	1.35717193597802	12.0706087017377	5.18385355580286	0	0.898862385120278	0.494002840030595	18.6116341935186
EPAS1_W_WT_3_20__GT24-02462_CGGCGTGA-ACAGGCGC_S11_L001	1.19835398762497	11.4607609950104	5.83777852993851	0	0.910131015206924	0.457179870009137	18.4968935125738
EPAS1_W_WT_1_3__GT24-02454_GACCTGAA-CTCACCAA_S33_L001	3.33975797501189	3.00190147614933	9.47695433433103	0	0.810129189222023	0.598748311161641	15.8186137854923
EPAS1_W_WT_2_3__GT24-02455_TCTCTACT-GAACCGCG_S18_L001	3.48097382851244	3.41058688972786	9.78347975843638	0	0.816207721185685	0.589615212602612	16.6750404766767
EPAS1_W_WT_3_3__GT24-02456_CTCTCGTC-AGGTTATA_S12_L001	2.95124592385009	3.34743522495711	9.79176845753375	0	0.805507080935694	0.599936960968936	16.0904496063409
GRHL1_W2_PTC_A07_GT24-02445_CCGCGGTT-CTAGCGCT_S27_L001	4.0922454240257	3.01576936460951	6.44970443340253	0	0.802847451067519	0.60998556018696	13.5577192220377
GRHL1_W2_PTC_B10_GT24-02446_TTATAACC-TCGATATC_S23_L001	4.38328235369815	3.23655884610567	6.42370905167119	0	0.812724228764953	0.598630241158758	14.043550251475
GRHL1_W2_PTC_B12_GT24-02447_GGACTTGG-CGTCTGCG_S24_L001	3.79991724881958	3.24489880432618	6.74217557560603	0	0.810908689013546	0.597008159869392	13.7869916287518
GRHL1_W2_WT_1_GT24-02448_AAGTCCAA-TACTCATA_S30_L001	1.87301790798262	8.29871282458812	6.27429062038397	0	0.875693333197349	0.493512787280337	16.4460213529547
GRHL1_W2_WT_2_GT24-02449_ATCCACTG-ACGCACCT_S6_L001	2.05541480187843	7.83716354895096	6.0752765882878	0	0.887025115654892	0.467680098095861	15.9678549391172
GRHL1_W2_WT_3_GT24-02450_GCTTGTCA-GTATGTTC_S16_L001	2.01293627557074	7.84817843113128	6.36391200835872	0	0.900511780353363	0.43893824822169	16.2250267150607
PPARG_R_PTC_A07_GT24-02463_ATGTAAGT-CATAGAGT_S13_L001	4.28414704008181	8.59308087898151	4.67573150688029	0	0.918008094485348	0.397284957869934	17.5529594259436
PPARG_R_PTC_A08_GT24-02464_GCACGGAC-TGCGAGAC_S19_L001	4.24742382054218	8.12603593040132	4.97998272597906	0	0.913247180671857	0.408544619883045	17.3534424769226
PPARG_R_PTC_A09_GT24-02465_GGTACCTT-GACGTCTT_S31_L001	4.16924740854085	9.9847228409176	4.55630710474609	0	0.921271685441075	0.391753983584459	18.7102773542045
PPARG_R_WT_1_GT24-02466_AACGTTCC-AGTACTCC_S4_L001	5.46283688583045	5.54851454545365	4.45905899545128	0	0.868897588915325	0.506815346306837	15.4704104267354
PPARG_R_WT_2_GT24-02467_GCAGAATT-TGGCCGGT_S15_L001	5.07156355722382	5.14049332782454	4.79989448571616	0	0.86375221060973	0.516274023880586	15.0119513707645
PPARG_R_WT_3_GT24-02468_ATGAGGCC-CAATTAAC_S21_L001	4.52531732727162	5.89405860066593	4.99686972546284	0	0.862613955403534	0.509707318370569	15.4162456534004
