Mixture	EXM	Prim	CTB	P-value	Correlation	RMSE	Absolute score (sig.score)
KO_A03__Hypoxia_GT23-11303_TGACGAAT-GCCTACTG_S33_L001	5.02684949515083	5.08354090772057	5.79600634381071	0	0.831273888943242	0.570923556793419	15.9063967466821
KO_B01__Hypoxia_GT23-11304_TAATACAG-GTGAATAT_S26_L001	3.73551456409524	8.47714047118495	6.85804568340146	0	0.890093269823345	0.458199072755634	19.0707007186816
KO_B02__Hypoxia_GT23-11305_CGGCGTGA-ACAGGCGC_S18_L001	2.20232151585345	8.35148942093942	7.99242103301088	0	0.898852705873566	0.439662467000138	18.5462319698037
CE_E06__Hypoxia_GT23-11306_ATGTAAGT-CATAGAGT_S38_L001	2.1323484731204	6.55419681718586	7.73656331608212	0	0.89883583488975	0.446280374790428	16.4231086063884
CE_G07__Hypoxia_GT23-11307_GCACGGAC-TGCGAGAC_S17_L001	3.50058473748746	9.87559233490015	6.44429098855219	0	0.903659628783851	0.42934249607368	19.8204680609398
CE_H06__Hypoxia_GT23-11308_GGTACCTT-GACGTCTT_S19_L001	3.04019152512038	10.2811816847368	7.03277543961531	0	0.892076421915636	0.453844939751459	20.3541486494725
PTC_A09__Hypoxia_GT23-11309_AACGTTCC-AGTACTCC_S30_L001	1.92351895740021	11.2012254775969	6.97130646546945	0	0.908148627452382	0.428654071197061	20.0960509004666
PTC_D10__Hypoxia_GT23-11310_GCAGAATT-TGGCCGGT_S22_L001	2.53771344489296	8.74581954279936	7.52870013438832	0	0.902825799447733	0.431200097121508	18.8122331220806
PTC_G09__Hypoxia_GT23-11311_ATGAGGCC-CAATTAAC_S28_L001	2.07417278663295	10.3161499406672	7.45675323277295	0	0.897329144594593	0.44550597696241	19.8470759600731
WT_1__Hypoxia_GT23-11300_CCAAGTCT-TCATCCTT_S29_L001	8.28416194427563	2.24264057568966	7.35320443058056	0	0.81564651597739	0.64745311165054	17.8800069505458
WT_2__Hypoxia_GT23-11301_TTGGACTC-CTGCTTCC_S37_L001	11.7388451312414	3.08500077476285	5.55245609215752	0	0.806580139635995	0.644537159612761	20.3763019981618
WT_3__Hypoxia_GT23-11302_CAGTAGGC-ATTCGTCA_S34_L001	4.37039711849222	3.49857635005635	9.07891977460508	0	0.805805774922315	0.624794450804124	16.9478932431537
KO_A03__Normoxia_GT23-11291_AAGTCCAA-TACTCATA_S31_L001	1.75480062185539	9.84474069691328	5.66240188579035	0	0.887985827319943	0.475877420828666	17.261943204559
KO_B01__Normoxia_GT23-11292_ATCCACTG-ACGCACCT_S24_L001	1.23138432688531	13.4567011187663	5.48396570008904	0	0.911720842567422	0.46449873686354	20.1720511457407
KO_B02__Normoxia_GT23-11293_CTGCTTCC-GATCTATC_S63_L002	0.695080206777321	14.3989648744083	5.28399842502701	0	0.857883132300392	0.605045314419061	20.3780435062126
CE_E06__Normoxia_GT23-11294_CAAGCTAG-CGCTATGT_S35_L001	0.759695466018255	15.4951444644171	4.66941810026601	0	0.901495998948684	0.535593735937065	20.9242580307013
CE_G07__Normoxia_GT23-11295_TGGATCGA-TATCGCAC_S25_L001	1.48858907810875	14.8851470751395	5.07701536190605	0	0.898163519968771	0.50964661606547	21.4507515151543
CE_H06__Normoxia_GT23-11296_AGTTCAGG-TCTGTTGG_S20_L001	1.18813722497418	15.2762940004044	4.4922420684431	0	0.903722574025198	0.520038247943533	20.9566732938217
PTC_A09__Normoxia_GT23-11297_GACCTGAA-CTCACCAA_S16_L001	0.93814154024091	14.2995536663136	4.73346745224477	0	0.909039824231871	0.500833774840478	19.9711626587992
PTC_D10__Normoxia_GT23-11298_TCTCTACT-GAACCGCG_S32_L001	0.846984974728517	14.9830488309315	4.90829722163017	0	0.913215856353621	0.495935038554244	20.7383310272902
PTC_G09__Normoxia_GT23-11299_CTCTCGTC-AGGTTATA_S23_L001	0.624125952082492	14.490228706427	5.22149865675815	0	0.910956887767539	0.496391352731093	20.3358533152677
WT_1__Normoxia_GT23-11288_CCGCGGTT-CTAGCGCT_S39_L001	1.35686501309207	11.7600436147177	6.16608887344098	0	0.902009890394064	0.460454238388915	19.2829975012508
WT_2__Normoxia_GT23-11289_TTATAACC-TCGATATC_S27_L001	2.68315955645926	12.8272452213891	5.54885156656544	0	0.895168132931797	0.471063525219379	21.0592563444138
WT_3__Normoxia_GT23-11290_GGACTTGG-CGTCTGCG_S36_L001	1.09191574490903	9.78975220559744	6.49353823567869	0	0.891595867547849	0.468715439369021	17.3752061861852
