Mixture	EXM	Prim	CTB	P-value	Correlation	RMSE	Absolute score (sig.score)
DLX3_PTC_C03_GT24-08496_CCAAGTCT-TCATCCTT_S21_L006	2.18487743335898	10.4116617847988	6.00461681784423	0	0.807401053133304	0.616688596824419	18.601156036002
DLX3_PTC_F02_GT24-08497_TTGGACTC-CTGCTTCC_S35_L006	1.63153949781336	12.2612070522168	6.03567206462588	0	0.797919823121304	0.653392025561886	19.9284186146561
DLX3_PTC_H01_GT24-08498_CAGTAGGC-ATTCGTCA_S46_L006	1.70622424816052	19.088264359435	4.67187986380361	0	0.762899639663448	0.774217554684846	25.4663684713991
MSX2_PTC_A12_GT24-08499_TGACGAAT-GCCTACTG_S26_L006	5.21279365390075	4.37700713304505	5.19654839351061	0	0.767781977418259	0.643219014999135	14.7863491804564
MSX2_PTC_B06_GT24-08500_TAATACAG-GTGAATAT_S39_L006	2.6111991193064	12.5452506012077	4.35059587186077	0	0.820646386202593	0.621729594566446	19.5070455923748
MSX2_PTC_C05_GT24-08501_CGGCGTGA-ACAGGCGC_S45_L006	5.00008489916592	4.8313502884765	5.39601402756388	0	0.791744303557745	0.613902973187817	15.2274492152063
VGLLI_PTC_B05_GT24-08502_ATGTAAGT-CATAGAGT_S29_L006	0.67665148824302	16.2401891210855	3.60264441330194	0	0.890835822584002	0.574558977348943	20.5194850226305
VGLLI_PTC_F06_GT24-08503_GCACGGAC-TGCGAGAC_S44_L006	1.27898730089288	13.4300881170602	3.80728860438507	0	0.889560184867625	0.533788471006858	18.5163640223381
VGLLI_PTC_H04_GT24-08504_GGTACCTT-GACGTCTT_S34_L006	1.02585400605609	19.6526194862345	2.28858307647116	0	0.893259379621134	0.61069387986098	22.9670565687617
WT_PrS_1_GT24-08505_AACGTTCC-AGTACTCC_S22_L006	1.20427286294933	11.8323719233765	4.39341341375448	0	0.917275484455938	0.446705623869151	17.4300582000803
WT_PrS_2_GT24-08506_GCAGAATT-TGGCCGGT_S38_L006	0.966265356796544	11.8975183722745	4.89046651086206	0	0.912976379707197	0.455062065768925	17.7542502399331
