Mixture	EXM	Prim	CTB	P-value	Correlation	RMSE	Absolute score (sig.score)
MDX1_KO_C03_GT23-10879_CGTTAGAA-GACCTGAA_S5_L001	3.64028747289414	10.9142002253549	4.99692325731021	0	0.930384936111008	0.378725290827821	19.5514109555593
MDX1_KO_C04_GT23-10880_AGCCTCAT-TCTCTACT_S11_L001	2.00777705696928	10.2282411220171	5.98558901684508	0	0.930447957467888	0.385911170937646	18.2216071958314
MDX1_KO_D01_GT23-10881_GATTCTGC-CTCTCGTC_S9_L001	3.94171091648688	10.2320808021294	4.38210039820475	0	0.896989509747863	0.455414629720854	18.555892116821
MDX1_CE_F07_GT23-10885_CGGACAAC-AATCCGGA_S40_L001	4.02704045198997	11.0327037863514	4.17174664139372	0	0.877281675338277	0.503112036215501	19.2314908797351
MDX1_CE_H05_GT23-10886_ATATGGAT-TAATACAG_S10_L001	2.74776194972074	7.61145236215413	5.29467120333162	0	0.877364274588069	0.485525100363327	15.6538855152065
MDX1_CE_H08_GT23-10887_GCGCAAGC-CGGCGTGA_S25_L001	1.7883412746099	11.5550118687436	5.07367869002841	0	0.885833933161615	0.51893732187631	18.4170318333819
MDX1_PTC_B10_GT23-10882_TCGTAGTG-CCAAGTCT_S4_L001	2.28257648370434	12.5202011341597	4.671588197317	0	0.887073370406077	0.520631021903301	19.474365815181
MDX1_PTC_C11_GT23-10883_CTACGACA-TTGGACTC_S18_L001	1.49706652982771	8.61542151218126	5.88179201360091	0	0.884830869806233	0.487926770964251	15.9942800556099
MDX1_PTC_G10_GT23-10884_TAAGTGGT-GGCTTAAG_S34_L001	2.09700864277366	11.1367896464318	4.95496734077905	0	0.901559785790683	0.475135126719093	18.1887656299846
MDX1_KOLF2_1_GT23-10876_GGCATTCT-CAAGCTAG_S8_L001	0.954374832142971	12.1276081677503	6.02979580220956	0	0.894013884039428	0.511771238677674	19.1117788021028
MDX1_KOLF2_2_GT23-10877_AATGCCTC-TGGATCGA_S3_L001	2.77622107299685	12.1459547244033	4.57841556021526	0	0.898917336396278	0.482082229913731	19.5005913576154
MDX1_KOLF2_3_GT23-10878_TACCGAGG-AGTTCAGG_S13_L001	2.56099835703208	12.1748052393872	4.84998340492628	0	0.904278424786155	0.470822275236224	19.5857870013455
