Mixture	EXM	Prim	CTB	P-value	Correlation	RMSE	Absolute score (sig.score)
BMLHE40_KO_A01_GT24-00863_TGCGGCGT-TACCGAGG_S198_L007	2.77547127832771	9.39064600094817	4.23192283166674	0	0.888478254753525	0.481716568662359	16.3980401109426
BMLHE40_KO_A03_GT24-00864_CATAATAC-CGTTAGAA_S187_L007	1.95298938918826	10.5012772363636	4.35070290350023	0	0.902038467718031	0.475555463364227	16.8049695290521
BMLHE40_KO_D01_GT24-00865_GATCTATC-AGCCTCAT_S189_L007	1.79366103794474	10.2514750704897	4.45681746390036	0	0.88996927296985	0.502093074597489	16.5019535723348
BMLHE40_CE_A06_GT24-00866_AGCTCGCT-GATTCTGC_S190_L007	1.70303180323571	10.3948956085038	4.60756678562907	0	0.903671970363789	0.472702648959906	16.7054941973686
BMLHE40_CE_B06_GT24-00867_CGGAACTG-TCGTAGTG_S194_L007	0.648888616626884	11.744055927435	5.0102431168682	0	0.880519529405772	0.557595733557416	17.4031876609301
BMLHE40_CE_H05_GT24-00868_TAAGGTCA-CTACGACA_S192_L007	1.79158114058828	9.23109261477259	5.07529455979734	0	0.882620310316302	0.500445062003944	16.0979683151582
BMLHE40_PTC_B12_GT24-00869_TTGCCTAG-TAAGTGGT_S196_L007	1.82539223854474	10.6030011968582	4.3016968461619	0	0.886802503636292	0.513952082852156	16.7300902815648
BMLHE40_PTC_C11_GT24-00870_CCATTCGA-CGGACAAC_S197_L007	3.14560641677662	7.55849039360233	4.59200931457758	0	0.863176831249283	0.512229186196528	15.2961061249565
BMLHE40_PTC_D09_GT24-00871_ACACTAAG-ATATGGAT_S195_L007	2.18296004803602	7.82504290617348	5.19025678746249	0	0.869374605599847	0.508478397569557	15.198259741672
BMLHE40_WT_1_GT24-00872_GTGTCGGA-GCGCAAGC_S193_L007	1.60921539600228	10.8554908333188	4.40180821676031	0	0.90463738239053	0.480327711241151	16.8665144460814
BMLHE40_WT_2_GT24-00873_TTCCTGTT-AAGATACT_S191_L007	1.94962118754687	10.0490368007792	4.06993219351836	0	0.86945688771509	0.544793721079644	16.0685901818444
BMLHE40_WT_3_GT24-00874_CCTTCACC-GGAGCGTC_S188_L007	1.20509796764887	10.6352847198563	4.78194151376098	0	0.883669897108708	0.528642136401742	16.6223242012662
